3 0.5008561643835617 0.8424657534246575 0.06472602739726036 0.06301369863013705
3 0.48082191780821915 0.8123287671232876 0.06472602739726036 0.06301369863013705
3 0.5409246575342466 0.7657534246575344 0.06472602739726036 0.06301369863013705
3 0.7397260273972602 0.6808219178082191 0.06472602739726036 0.06301369863013705
3 0.21421232876712326 0.8150684931506851 0.06472602739726036 0.06301369863013705
3 0.23270547945205478 0.7602739726027398 0.06472602739726036 0.06301369863013705
3 0.3991438356164383 0.7876712328767124 0.06472602739726036 0.06301369863013705
3 0.1340753424657534 0.9178082191780823 0.0893835616438356 0.07671232876712338
3 0.3020547945205479 0.7630136986301369 0.06472602739726036 0.06301369863013705
3 0.3113013698630137 0.7164383561643837 0.06472602739726036 0.06301369863013705
3 0.16952054794520546 0.7958904109589042 0.06472602739726036 0.06301369863013705
3 0.11250000000000002 0.7958904109589039 0.04315068493150697 0.06301369863013702
3 0.3143835616438356 0.8561643835616439 0.06472602739726036 0.06301369863013705
3 0.057020547945205495 0.8561643835616437 0.04315068493150697 0.06301369863013702
3 0.15565068493150686 0.7520547945205478 0.04315068493150697 0.06301369863013702
0 0.021575342465753423 0.8657534246575342 0.043150684931506846 0.0547945205479452
0 0.3297945205479452 0.8082191780821917 0.043150684931506846 0.0547945205479452
0 0.8922945205479452 0.6986301369863013 0.043150684931506846 0.0547945205479452
0 0.8553082191780821 0.6958904109589041 0.043150684931506846 0.0547945205479452
0 0.10171232876712327 0.8630136986301369 0.043150684931506846 0.05479452054794521
3 0.9785102739726024 0.6826483948590005 0.042979452054794164 0.07762555684128854
3 0.9738869863013698 0.7812785318453018 0.05222602739726028 0.07762555684128855
1 0.6472602739726027 0.7630136986301369 0.030821917808219156 0.057534246575342396
1 0.7058219178082191 0.754794520547945 0.030821917808219156 0.057534246575342396
1 0.7289383561643834 0.7410958904109589 0.030821917808219156 0.057534246575342396
1 0.782876712328767 0.6917808219178082 0.030821917808219156 0.057534246575342396
1 0.8044520547945204 0.7410958904109589 0.030821917808219156 0.057534246575342396
1 0.8352739726027397 0.7739726027397259 0.030821917808219156 0.057534246575342396
1 0.935445205479452 0.6835616438356164 0.030821917808219156 0.057534246575342396
1 0.6780821917808219 0.7027397260273972 0.030821917808219156 0.057534246575342396
0 0.5763698630136986 0.8 0.043150684931506846 0.0547945205479452
4 0.7690068493150685 0.43561643835616437 0.021575342465753523 0.03835616438356162
