3 0.5316780821917808 0.7191780821917808 0.04315068493150683 0.08493150684931507
3 0.4977739726027397 0.6589041095890411 0.04315068493150683 0.08493150684931507
3 0.46695205479452057 0.626027397260274 0.04315068493150683 0.08493150684931507
3 0.5440068493150685 0.8232876712328766 0.04315068493150683 0.08493150684931507
3 0.504708904109589 0.589041095890411 0.02928082191780817 0.0438356164383562
3 0.4607876712328768 0.4849315068493151 0.033904109589041054 0.049315068493150635
3 0.6357020547945206 0.6643835616438355 0.0508561643835617 0.06301369863013705
3 0.7620719178082191 0.6917808219178082 0.0508561643835617 0.06301369863013705
3 0.7851883561643836 0.7273972602739724 0.0631849315068492 0.06301369863013703
3 0.583304794520548 0.678082191780822 0.0508561643835617 0.06301369863013705
3 0.8499143835616438 0.7301369863013696 0.0631849315068492 0.06301369863013703
3 0.9684075342465754 0.7821917808219176 0.0631849315068492 0.06301369863013703
3 0.9300513698630136 0.7602739726027395 0.0631849315068492 0.06301369863013703
3 0.9315924657534245 0.7383561643835612 0.0631849315068492 0.06301369863013703
3 0.954708904109589 0.7191780821917806 0.0631849315068492 0.06301369863013703
3 0.9684075342465754 0.6753424657534244 0.0631849315068492 0.06301369863013703
3 0.9100171232876713 0.6753424657534244 0.0631849315068492 0.06301369863013703
3 0.3351883561643836 0.7520547945205478 0.0631849315068492 0.06301369863013703
3 0.3228595890410959 0.7054794520547943 0.0631849315068492 0.06301369863013703
3 0.2303938356164384 0.7547945205479449 0.0631849315068492 0.06301369863013703
3 0.21190068493150688 0.8205479452054792 0.0631849315068492 0.06301369863013703
3 0.17183219178082193 0.7876712328767121 0.0631849315068492 0.06301369863013703
3 0.1125 0.8068493150684932 0.04006849315068481 0.06301369863013702
3 0.769777397260274 0.7575342465753423 0.0631849315068492 0.06301369863013703
0 0.13638698630136986 0.8328767123287671 0.035445205479452076 0.049315068493150704
0 0.017722602739726038 0.8684931506849317 0.035445205479452076 0.049315068493150704
0 0.5093321917808219 0.5534246575342466 0.035445205479452076 0.049315068493150704
0 0.5324486301369863 0.5863013698630137 0.035445205479452076 0.049315068493150704
0 0.18724315068493147 0.7342465753424657 0.035445205479452076 0.049315068493150704
3 0.07551369863013693 0.856164383561644 0.07397260273972578 0.07945205479452107
3 0.15565068493150686 0.7465753424657535 0.04006849315068481 0.06301369863013702
1 0.6503424657534247 0.7205479452054795 0.03698630136986303 0.07123287671232874
1 0.6873287671232876 0.7013698630136986 0.03698630136986303 0.07123287671232874
1 0.7227739726027397 0.7095890410958904 0.03698630136986303 0.07123287671232874
1 0.47928082191780824 0.5520547945205478 0.02773972602739727 0.052054794520547926
1 0.5856164383561644 0.7972602739726027 0.03698630136986303 0.07123287671232874
1 0.34520547945205476 0.5246575342465752 0.02773972602739727 0.052054794520547926
1 0.3190068493150685 0.5410958904109587 0.02773972602739727 0.052054794520547926
1 0.36523972602739724 0.573972602739726 0.02773972602739727 0.052054794520547926
1 0.46695205479452057 0.5356164383561642 0.02773972602739727 0.052054794520547926
