3 0.3452596169174656 0.7335100924486767 0.05298007443813261 0.04579725089045495
3 0.31415205027489224 0.7093153183933416 0.05006374006539147 0.038884458303216435
3 0.21386452066769157 0.8100928813170134 0.08749003118223747 0.059622836064932155
3 0.2245577467010762 0.7530623424722956 0.05443824162450331 0.044069052743645615
3 0.15286452670452044 0.7487418471052717 0.04520318277748938 0.030243467569168417
3 0.16598803138185605 0.7833058100414643 0.06756174630183892 0.0216024768351204
3 0.11033465043537724 0.8040441878031797 0.05152190725176206 0.04406905274364547
3 0.07436652650490184 0.8580503798909807 0.07290835931853122 0.05530234069790822
0 0.13974102202718483 0.8334235562989434 0.036454179659265604 0.059622836064932155
0 0.19393623578729305 0.7396688068345211 0.041800792675957904 0.0380203592298119
3 0.5342484748170903 0.5451428825112083 0.02281488148685085 0.03862837077138757
3 0.4854952459255459 0.5975326103699028 0.029061813322536167 0.044905481021738185
3 0.5032854213706499 0.6520951840844879 0.035851956622194266 0.04393977175245347
3 0.5662979511914761 0.6245724699098741 0.03313589930233093 0.036214097598175954
3 0.5179521308979113 0.6284353069870129 0.03096305344644051 0.044905481021738185
3 0.5368287292709604 0.7088306036549633 0.04046925406596145 0.043456917117811
3 0.58924863554432 0.7744988339663226 0.03286429357034464 0.06470252104207433
3 0.4925569949571903 0.810230076929856 0.04481494577774278 0.07435961373492134
5 0.5332575050293324 0.7574974769097982 0.03268559214821764 0.08326776281516146
0 0.5765468883051578 0.6511658861876295 0.02089182178545869 0.039537211120867895
0 0.5263391230465555 0.5972515073864457 0.021565751520473454 0.03594291920078909
2 0.6834164589954146 0.6921989248629881 0.18667853659909572 0.09045634665531813
2 0.9108131395073049 0.7537871741049986 0.17988456587224458 0.10765368958690988
3 0.7990411625033721 0.6794335097021034 0.05970521338562449 0.040247380522651637
3 0.712023511305143 0.6648709429477229 0.0537124968004504 0.035512394578810245
3 0.9730548978959749 0.6864381432852159 0.05389020420805025 0.069076649372642
