3 0.31885753540428313 0.7164766930996653 0.05716569359837818 0.0485555520934378
3 0.28836916548514835 0.7503526596764816 0.05716569359837818 0.0485555520934378
3 0.15021873928906937 0.7480942619046939 0.05271947298517081 0.041780358778074775
3 0.0752681632378633 0.8576265538363994 0.0717747041846303 0.06436433649595091
3 0.21087789194068102 0.807377203414122 0.0838430172776212 0.0654935353818456
3 0.3468052078301565 0.7356730741598612 0.05716569359837818 0.0485555520934378
3 0.11274345126346635 0.8022958084275998 0.05271947298517081 0.041780358778074775
3 0.16927397048852855 0.7876162229109795 0.06415261170484655 0.04629715432165018
3 0.22516931534027546 0.7503526596764816 0.05271947298517081 0.041780358778074775
0 0.18991713762127624 0.7368022730457546 0.03175871866576488 0.05307234763701211
0 0.13751525182276367 0.8373009738903098 0.047638077998647894 0.06888113203952656
3 0.31169909286867037 0.516764761970339 0.027699344374110813 0.0312839654107605
3 0.271942386825829 0.5132887658135877 0.027699344374110813 0.0312839654107605
3 0.4579702374615674 0.5282455338545143 0.02129746760532672 0.03679095617960626
3 0.29670885944268105 0.5341447427540948 0.02769934437411081 0.0312839654107605
3 0.4757302826910953 0.5616546111855129 0.02129746760532672 0.03679095617960626
3 0.4992726682279116 0.5513748950836671 0.02129746760532672 0.03679095617960626
3 0.4786214528447401 0.6139710234895489 0.02914492945093163 0.04376647782014413
3 0.4449599717701691 0.49630498739520823 0.02129746760532672 0.03679095617960626
3 0.4385580950013858 0.4702385644226712 0.02129746760532672 0.03679095617960626
3 0.5492246670790741 0.638107999795262 0.02956805437779399 0.03679095617960623
3 0.4364929734630685 0.5645916729288972 0.02129746760532672 0.03679095617960626
3 0.535560219368043 0.6099800138637829 0.02956805437779399 0.03679095617960623
3 0.5721088502171184 0.798131600805724 0.03883579875766735 0.07095923723623172
3 0.5289579627085992 0.7629716183913748 0.03883579875766735 0.07095923723623172
3 0.576783529697208 0.7271723635694923 0.03883579875766735 0.07095923723623172
3 0.5634845971067004 0.6821647195556051 0.02947459101491824 0.04334840227781672
3 0.4947968434310215 0.8173097730317326 0.03883579875766735 0.07095923723623172
3 0.6771348068715475 0.6965327736853881 0.05550285302225943 0.04933586935311813
3 0.8257310815538655 0.7422805798128249 0.06710799501782294 0.04933586935311813
3 0.6322279530626297 0.7055029317495912 0.05550285302225943 0.04933586935311813
3 0.8045390831271856 0.7108850265881134 0.06710799501782294 0.04933586935311813
3 0.9596947858939515 0.7063999475560118 0.058530281368928266 0.049335869353118046
3 0.7384402308915871 0.7270313111036794 0.06710799501782294 0.04933586935311813
3 0.8983893618739123 0.7629119433604927 0.053989138848925144 0.04933586935311815
3 0.8961187906139105 0.736898484974303 0.06559428084448853 0.049335869353118074
3 0.9707348593155359 0.6785924575569814 0.058530281368928266 0.049335869353118046
3 0.9157970748672567 0.6794894733634016 0.058530281368928266 0.049335869353118046
3 0.8512119368049926 0.6974297894918083 0.058530281368928266 0.049335869353118046
0 0.6579610940093137 0.6678282678799375 0.03229256903113196 0.043953774514596367
0 0.7381879451960321 0.6902536630404458 0.03229256903113196 0.043953774514596367
2 0.9603998593992275 0.7778506060008675 0.07363692358285102 0.1238656517478382
