3 0.43833526505916703 0.46637691501244705 0.020367093123961268 0.022826886979512153
3 0.4578168323951284 0.5080950188025894 0.020367093123961223 0.032272495384828286
3 0.42638066692118975 0.4474856982018163 0.020367093123961268 0.022826886979512153
3 0.46800037895710916 0.4884166679581825 0.020367093123961223 0.032272495384828286
3 0.4498471003031436 0.543516050322522 0.020367093123961223 0.032272495384828286
3 0.4799549770950863 0.5277733696469964 0.020367093123961223 0.032272495384828286
3 0.5096200909930301 0.5340704419172068 0.020367093123961223 0.032272495384828286
3 0.5140477199330215 0.5702786074709156 0.020367093123961223 0.032272495384828286
3 0.43346487322517474 0.5088821528363657 0.020367093123961223 0.032272495384828286
3 0.6353647528887918 0.6871680114866915 0.046047340975910726 0.05037657816167766
1 0.5277733696469972 0.6029446698726318 0.028336825215946108 0.0346338974861564
1 0.4733135336851005 0.5966475976024217 0.028336825215946108 0.0346338974861564
3 0.49301648246806307 0.6600118873214125 0.05268878438590001 0.059035052533221236
3 0.7582314559735575 0.7273118472092797 0.06508614541787527 0.050376578161677524
3 0.5751489993049061 0.6777224030813764 0.046047340975910726 0.05037657816167766
3 0.7334367339096045 0.6966136198920048 0.06508614541787527 0.050376578161677524
3 0.7808123635675145 0.680870939216479 0.06508614541787527 0.050376578161677524
3 0.675877557689714 0.7139305686350831 0.06508614541787527 0.050376578161677524
2 0.8944015916904356 0.7725066277297202 0.20395214218649002 0.1408756481061674
3 0.9731819604549616 0.6878272734724723 0.05363607909007655 0.056966103197051726
3 0.2825451651309654 0.7447933854793266 0.059756678602411135 0.05080761079238813
3 0.31891879558460695 0.7113065510934342 0.059756678602411135 0.05080761079238813
3 0.2273351903352595 0.7517216960419248 0.059756678602411135 0.05080761079238813
3 0.21499413714563048 0.8134991318917589 0.08963501790361797 0.07274726090727991
3 0.07502061281063549 0.8579557913350985 0.0785930229444756 0.0692831056259868
3 0.17147568642431005 0.7886726857091166 0.059756678602411135 0.05080761079238813
3 0.15036599017889266 0.7482575407606236 0.05001374187375641 0.039260426521386366
3 0.3468485475400817 0.7332462012083293 0.059756678602411135 0.050807610792388117
3 0.11139424326427676 0.8013745884072112 0.05001374187375641 0.039260426521386366
0 0.19096155988161775 0.7401745117709265 0.031177397531692096 0.06004535820918406
0 0.14029828889261733 0.8394802965015046 0.041569863375590314 0.07390197933438274
