3 0.34635348082825645 0.7338265529877216 0.05328515089665487 0.04801340841829472
3 0.31733862126466705 0.7088466040133387 0.04927051624005767 0.033090322018014005
3 0.2156953710953631 0.8051978357716735 0.08832196244514023 0.04931106810527581
3 0.22481954076944782 0.7529670333706909 0.056934818766288725 0.042173939826880655
3 0.07591309168838498 0.8577530530944018 0.07445322454053142 0.05839468591414231
3 0.11094990323687036 0.8051978357716735 0.04817561587916739 0.04801340841829472
3 0.15346853391810522 0.7526426184489452 0.04489091479649687 0.029846172800561562
3 0.16843217218360423 0.7844352807799783 0.0660589884403735 0.02725085342659966
0 0.14288449709616693 0.8386125727114327 0.03759157905722908 0.06423415450555651
0 0.18941776243399908 0.7367462872834288 0.03722661227026574 0.04476925920084256
3 0.32869074793006076 0.5422295867139109 0.037168620085787474 0.040863746059228274
3 0.47879051399981465 0.579482696776078 0.02543116111132825 0.040863746059228274
3 0.4806522468219903 0.6931652227530034 0.04412409760527339 0.05252259734270225
3 0.5893444688843483 0.7680577221802964 0.03222977564211277 0.05866160222691434
3 0.5007125858685381 0.7932958533709457 0.04680991224211617 0.06821116538013286
5 0.533901581023809 0.74418381429725 0.03491559027895548 0.08185339845615942
2 0.6656983421317346 0.71348878987619 0.18570489774741192 0.095495631532186
3 0.4943492966796207 0.642788443775663 0.03457437242957631 0.04225756630281559
3 0.7760325936732255 0.7375866118309622 0.03295369872194001 0.04609916323943509
2 0.886742919742696 0.7479475306675755 0.18043500611685076 0.12485190044013635
