3 0.7836472602739727 0.7232876712328766 0.0662671232876712 0.06575342465753423
3 0.7297089041095891 0.8 0.0662671232876712 0.06575342465753423
3 0.9577910958904109 0.7232876712328766 0.0662671232876712 0.06575342465753423
3 0.4800513698630138 0.843835616438356 0.0662671232876712 0.06575342465753423
3 0.4939212328767124 0.8164383561643836 0.0662671232876712 0.06575342465753423
3 0.49546232876712337 0.7780821917808219 0.0662671232876712 0.06575342465753423
3 0.2966609589041097 0.8410958904109589 0.0662671232876712 0.06575342465753423
3 0.3860445205479453 0.8246575342465752 0.0662671232876712 0.06575342465753423
3 0.29974315068493157 0.7726027397260273 0.0662671232876712 0.06575342465753423
3 0.31669520547945207 0.7178082191780822 0.0662671232876712 0.06575342465753423
3 0.1841609589041097 0.821917808219178 0.0662671232876712 0.06575342465753423
3 0.1641267123287672 0.8 0.0662671232876712 0.06575342465753423
3 0.22731164383561653 0.7726027397260273 0.0662671232876712 0.06575342465753423
3 0.15642123287671242 0.761643835616438 0.04777397260273972 0.06575342465753423
3 0.11943493150684939 0.9232876712328766 0.0662671232876712 0.06575342465753423
3 0.10710616438356173 0.8054794520547943 0.041609589041095865 0.06575342465753423
3 0.6711472602739726 0.7287671232876712 0.0662671232876712 0.06575342465753423
0 0.5886986301369863 0.7726027397260273 0.05239726027397253 0.07123287671232874
0 0.10171232876712326 0.8520547945205479 0.05239726027397253 0.07123287671232874
0 0.8306506849315067 0.7452054794520548 0.05239726027397253 0.07123287671232874
1 0.9115582191780822 0.7589041095890411 0.04777397260273958 0.043835616438356206
1 0.9023116438356166 0.6904109589041098 0.04777397260273958 0.043835616438356206
1 0.9038527397260273 0.7890410958904109 0.04777397260273958 0.0438356164383562
2 0.05316780821917808 0.7589041095890411 0.10017123287671233 0.06027397260273986
0 0.19263698630136986 0.7315068493150685 0.03390410958904113 0.049315068493150704
3 0.05470890410958912 0.8657534246575341 0.041609589041095865 0.06575342465753423
