3 0.896917808219178 0.7904109589041096 0.07705479452054789 0.057534246575342396
3 0.7258561643835616 0.7109589041095891 0.07705479452054789 0.057534246575342396
3 0.3945205479452051 0.7986301369863014 0.0523972602739731 0.04109589041095901
3 0.8029109589041096 0.732876712328767 0.07705479452054789 0.057534246575342396
3 0.30359589041095864 0.7739726027397259 0.05239726027397328 0.057534246575342805
3 0.584075342465753 0.6315068493150686 0.0523972602739731 0.04109589041095901
3 0.32054794520547913 0.7109589041095891 0.05239726027397328 0.057534246575342805
3 0.2481164383561641 0.8424657534246573 0.05239726027397328 0.057534246575342805
3 0.05085616438356198 0.9698630136986298 0.10171232876712397 0.060273972602739645
3 0.22808219178082162 0.7575342465753423 0.05239726027397328 0.057534246575342805
3 0.15256849315068466 0.7520547945205478 0.05239726027397328 0.057534246575342805
3 0.20650684931506824 0.8205479452054792 0.05239726027397328 0.057534246575342805
3 0.1664383561643833 0.7876712328767121 0.05239726027397328 0.057534246575342805
3 0.11095890410958877 0.7986301369863013 0.05239726027397328 0.057534246575342805
3 0.06626712328767095 0.858904109589041 0.05239726027397328 0.057534246575342805
3 0.9738013698630134 0.6917808219178082 0.05239726027397328 0.057534246575342805
3 0.9738013698630134 0.7904109589041094 0.05239726027397328 0.057534246575342805
3 0.9738013698630134 0.743835616438356 0.05239726027397328 0.057534246575342805
1 0.5031678082191781 0.8315068493150685 0.041609589041095914 0.057534246575342396
1 0.6125856164383562 0.7684931506849315 0.041609589041095914 0.057534246575342396
1 0.5339897260273972 0.7 0.041609589041095914 0.057534246575342396
1 0.5571061643835616 0.6863013698630135 0.041609589041095914 0.057534246575342396
1 0.541695205479452 0.6315068493150684 0.041609589041095914 0.057534246575342396
1 0.6172089041095891 0.7164383561643833 0.041609589041095914 0.057534246575342396
1 0.6434075342465754 0.7054794520547943 0.041609589041095914 0.057534246575342396
1 0.6480308219178081 0.6643835616438356 0.041609589041095914 0.057534246575342396
1 0.4815924657534246 0.7931506849315068 0.041609589041095914 0.057534246575342396
0 0.7705479452054794 0.6808219178082191 0.049315068493150635 0.06301369863013705
0 0.7135273972602739 0.6616438356164384 0.049315068493150635 0.06301369863013705
0 0.15256849315068488 0.8972602739726028 0.049315068493150635 0.06301369863013705
0 0.19109589041095887 0.7410958904109589 0.049315068493150635 0.06301369863013705
0 0.10941780821917804 0.8589041095890412 0.049315068493150635 0.06301369863013705
0 0.024657534246575318 0.8835616438356166 0.049315068493150635 0.06301369863013705
0 0.45 0.8232876712328766 0.049315068493150635 0.06301369863013705
4 0.747431506849315 0.43561643835616437 0.01849315068493148 0.049315068493150635
4 0.3575342465753424 0.6465753424657534 0.01849315068493148 0.049315068493150635
3 0.9154109589041096 0.7150684931506849 0.030821917808219298 0.043835616438356206
