3 0.8668664383561645 0.736986301369863 0.07243150684931507 0.049315068493150704
3 0.9269691780821918 0.6712328767123288 0.07243150684931507 0.049315068493150704
3 0.8144691780821919 0.7150684931506849 0.07243150684931507 0.049315068493150704
3 0.7112157534246575 0.7315068493150685 0.07243150684931507 0.049315068493150704
3 0.6249143835616439 0.7424657534246576 0.07243150684931507 0.049315068493150704
3 0.5848458904109589 0.7780821917808219 0.07243150684931507 0.049315068493150704
3 0.3151541095890411 0.7150684931506849 0.07243150684931507 0.049315068493150704
3 0.3012842465753425 0.7643835616438356 0.07243150684931507 0.049315068493150704
3 0.17799657534246577 0.8246575342465754 0.07243150684931507 0.049315068493150704
3 0.1718321917808219 0.7917808219178082 0.07243150684931507 0.049315068493150704
3 0.22577054794520546 0.7671232876712328 0.07243150684931507 0.049315068493150704
3 0.11249999999999993 0.8054794520547945 0.03698630136986288 0.0493150684931507
3 0.7728595890410958 0.7753424657534247 0.07243150684931507 0.049315068493150704
3 0.05856164383561637 0.8575342465753425 0.03698630136986288 0.0493150684931507
3 0.15102739726027392 0.7506849315068493 0.03698630136986288 0.0493150684931507
0 0.41301369863013704 0.8000000000000002 0.0523972602739726 0.05479452054794534
0 0.1047945205479452 0.863013698630137 0.0523972602739726 0.05479452054794534
0 0.18184931506849317 0.7397260273972602 0.0523972602739726 0.05479452054794534
0 0.0261986301369863 0.8821917808219178 0.0523972602739726 0.05479452054794534
0 0.47465753424657536 0.8191780821917809 0.0523972602739726 0.05479452054794534
1 0.5293664383561645 0.5671232876712329 0.038527397260274085 0.0547945205479452
1 0.9439212328767123 0.7616438356164383 0.038527397260274085 0.05479452054794521
