3 0.6197081414127159 0.6482145073558451 0.05639867156767912 0.05326541203614127
3 0.6743443544939051 0.6873802515000665 0.05639867156767912 0.05326541203614127
3 0.4919299011421932 0.671713953842378 0.05639867156767912 0.05326541203614127
3 0.7633485080616488 0.6936467705631421 0.05639867156767912 0.05326541203614127
3 0.7977164485482031 0.7187128468154438 0.05639867156767912 0.05326541203614127
3 0.7615860495751587 0.7328125147073637 0.05639867156767912 0.05326541203614127
3 0.8012413655211832 0.6842469919685289 0.05639867156767912 0.05326541203614127
3 0.5923900348721216 0.6795471026712221 0.05639867156767913 0.05326541203614127
3 0.5794082274335779 0.802114440073658 0.04141777443251435 0.0845980073515186
3 0.5423965992172889 0.72299963690233 0.029080565027084653 0.07363159899113654
3 0.5106723464604692 0.6031524598210123 0.04141777443251435 0.0845980073515186
3 0.43929277775762543 0.5780863835687104 0.04141777443251435 0.0845980073515186
3 0.4066872957575609 0.6313517956048519 0.04141777443251435 0.0845980073515186
3 0.43474025508046343 0.43225555642718677 0.02039800848167124 0.03322690941616888
3 0.5318218482983488 0.8679128902359503 0.04141777443251435 0.0845980073515186
3 0.37980980383858914 0.5765197538029415 0.02996179427033001 0.0689317096938297
3 0.35249169729799457 0.5436205287217954 0.02996179427033001 0.0689317096938297
0 0.5123359132362326 0.5254796692154041 0.026778600208245608 0.030604114523709286
0 0.8595013373645594 0.6955025276804556 0.026778600208245608 0.030604114523709286
0 0.4702552557661322 0.49487555469169486 0.026778600208245608 0.030604114523709286
5 0.4807754201336573 0.5509830979851619 0.021040328735050125 0.044205943200913464
5 0.6907005181947257 0.6512965844795423 0.046862550364429864 0.06460868621671956
1 0.566371302942157 0.6359945272176875 0.018171192998452525 0.0510068575395153
1 0.5816733602040113 0.7397084708813689 0.018171192998452525 0.0510068575395153
1 0.44491122342618555 0.6529968130641928 0.018171192998452525 0.0510068575395153
1 0.44586760200505154 0.48297395459914105 0.018171192998452525 0.0510068575395153
1 0.5434182170493748 0.6512965844795423 0.018171192998452525 0.05100685753951531
3 0.21729452054794518 0.8136986301369862 0.08013698630136984 0.06575342465753423
3 0.3436643835616438 0.7424657534246575 0.08013698630136984 0.06575342465753423
3 0.31284246575342467 0.6931506849315068 0.08013698630136984 0.06575342465753423
3 0.1679794520547945 0.7835616438356163 0.08013698630136984 0.06575342465753423
3 0.2265410958904109 0.7506849315068493 0.04931506849315089 0.043835616438356005
3 0.14871575342465754 0.7534246575342464 0.05085616438356164 0.06575342465753427
3 0.07243150684931506 0.8630136986301369 0.08013698630136984 0.06575342465753423
3 0.8815068493150684 0.7369863013698631 0.06780821917808211 0.06575342465753423
3 0.9660958904109589 0.7808219178082192 0.06780821917808211 0.06575342465753423
3 0.9660958904109589 0.6876712328767124 0.06780821917808211 0.06575342465753423
3 0.9369863013698634 0.7068493150684932 0.06780821917808211 0.06575342465753423
3 0.9200342465753425 0.6630136986301369 0.06780821917808211 0.06575342465753423
3 0.8815068493150684 0.7808219178082192 0.06780821917808211 0.06575342465753423
0 0.19032534246575342 0.736986301369863 0.05393835616438358 0.07123287671232874
0 0.02696917808219179 0.8767123287671232 0.05393835616438358 0.07123287671232874
0 0.23193493150684932 0.6054794520547945 0.05393835616438358 0.07123287671232874
0 0.13946917808219175 0.8383561643835616 0.053938356164383576 0.07123287671232874
