3 0.47851027397260254 0.5095890410958901 0.035445205479452686 0.06575342465753498
3 0.560958904109589 0.6863013698630138 0.05856164383561648 0.05205479452054803
3 0.6549657534246576 0.6972602739726028 0.05856164383561648 0.05205479452054803
3 0.7073630136986302 0.6726027397260274 0.05856164383561648 0.05205479452054803
3 0.8090753424657535 0.7 0.05856164383561648 0.05205479452054803
3 0.8807363013698629 0.7602739726027398 0.08167808219178081 0.052054794520547995
3 0.9707191780821919 0.6835616438356164 0.05856164383561648 0.05205479452054803
3 0.8976883561643837 0.7191780821917808 0.08167808219178081 0.052054794520547995
3 0.8961472602739726 0.7904109589041096 0.08167808219178081 0.052054794520547995
3 0.9707191780821919 0.7082191780821918 0.05856164383561648 0.05205479452054803
3 0.9707191780821919 0.7273972602739727 0.05856164383561648 0.05205479452054803
3 0.9707191780821919 0.7657534246575344 0.05856164383561648 0.05205479452054803
3 0.3220890410958904 0.7520547945205479 0.05856164383561648 0.05205479452054803
3 0.3190068493150685 0.7164383561643837 0.05856164383561648 0.05205479452054803
3 0.22808219178082192 0.7602739726027398 0.05856164383561648 0.05205479452054803
3 0.21421232876712332 0.8123287671232876 0.05856164383561648 0.05205479452054803
3 0.1664383561643836 0.7849315068493152 0.05856164383561648 0.05205479452054803
3 0.14794520547945206 0.7547945205479454 0.05856164383561648 0.05205479452054803
3 0.11250000000000002 0.8068493150684932 0.05856164383561648 0.05205479452054803
3 0.06934931506849316 0.8589041095890412 0.05856164383561648 0.05205479452054803
3 0.06626712328767125 0.936986301369863 0.08321917808219181 0.08219178082191818
3 0.5131849315068493 0.6589041095890411 0.05856164383561648 0.05205479452054803
3 0.549400684931507 0.7493150684931507 0.05393835616438359 0.0630136986301369
3 0.5347602739726027 0.8520547945205479 0.040068493150684927 0.08767123287671225
0 0.5555650684931507 0.6164383561643835 0.02928082191780824 0.049315068493150704
0 0.1348458904109589 0.8383561643835616 0.02928082191780824 0.049315068493150704
0 0.19186643835616438 0.7342465753424657 0.02928082191780824 0.049315068493150704
0 0.01464041095890412 0.8739726027397261 0.02928082191780824 0.049315068493150704
0 0.5262842465753423 0.5753424657534246 0.02928082191780824 0.049315068493150704
5 0.6071917808219178 0.6424657534246575 0.0431506849315069 0.0794520547945205
1 0.7428082191780823 0.732876712328767 0.0431506849315069 0.041095890410958874
1 0.715105051950697 0.7192820003247209 0.0431506849315069 0.041095890410958874
1 0.7945865525590307 0.7224524984961814 0.0431506849315069 0.041095890410958874
1 0.7428082191780823 0.7547945205479452 0.0431506849315069 0.041095890410958874
1 0.471829791277482 0.5583448323710543 0.022080704517911727 0.04648569372191936
1 0.4892619264232019 0.5697080019475235 0.022080704517911727 0.04648569372191936
1 0.4480058732449983 0.4808686761678551 0.022080704517911727 0.04648569372191936
1 0.3335348524547717 0.5562788015389689 0.022080704517911727 0.04648569372191936
1 0.3509669876004915 0.5800381561079501 0.022080704517911727 0.04648569372191936
1 0.3567776993157315 0.5418165857143716 0.022080704517911727 0.04648569372191936
1 0.4119794606105108 0.5975994181806751 0.022080704517911727 0.04648569372191936
