3 0.6418664383561644 0.680821917808219 0.038527397260274016 0.06301369863013698
3 0.6958047945205479 0.7054794520547943 0.07551369863013743 0.06301369863013694
3 0.7713184931506848 0.7465753424657535 0.07551369863013699 0.06301369863013696
3 0.8283390410958904 0.6890410958904108 0.038527397260274016 0.06301369863013698
3 0.8637842465753423 0.7602739726027389 0.05393835616438377 0.06301369863013696
3 0.9061643835616437 0.7219178082191776 0.049315068493150746 0.06301369863013694
3 0.9331335616438357 0.7493150684931507 0.038527397260274016 0.06301369863013698
3 0.980736301369863 0.6753424657534245 0.038527397260274016 0.06301369863013698
3 0.30436643835616445 0.765753424657533 0.06934931506849303 0.06301369863013695
3 0.5232020547945205 0.584931506849315 0.038527397260274016 0.06301369863013698
3 0.32131849315068495 0.7082191780821907 0.06934931506849303 0.06301369863013695
3 0.18878424657534254 0.9465753424657523 0.06934931506849303 0.06301369863013695
3 0.23347602739726037 0.754794520547944 0.06934931506849303 0.06301369863013695
3 0.21806506849315074 0.8041095890410948 0.06934931506849303 0.06301369863013695
3 0.17029109589041105 0.7958904109589029 0.06934931506849303 0.06301369863013695
3 0.133304794520548 0.9136986301369852 0.06934931506849303 0.06301369863013695
3 0.15333904109589047 0.7465753424657525 0.04777397260273959 0.06301369863013695
3 0.06549657534246583 0.85890410958904 0.06934931506849303 0.06301369863013695
3 0.12405821917808225 0.7958904109589029 0.06934931506849303 0.06301369863013695
3 0.13484589041095896 0.6424657534246563 0.04160958904109581 0.06301369863013692
3 0.282791095890411 0.8424657534246563 0.06934931506849303 0.06301369863013695
3 0.07936643835616444 0.7027397260273961 0.04160958904109581 0.06301369863013692
3 0.1595034246575343 0.6479452054794508 0.04160958904109581 0.06301369863013692
5 0.97611301369863 0.7178082191780822 0.047773972602739426 0.07123287671232888
5 0.7805650684931507 0.6821917808219178 0.06010273972602746 0.07123287671232888
1 0.4987722971240014 0.6595725250068185 0.028498240647344276 0.0572007697581104
1 0.5530108841624951 0.6464980633478219 0.028498240647344276 0.0572007697581104
1 0.5732354420412555 0.6366922171035744 0.028498240647344276 0.0572007697581104
1 0.4390179215731183 0.6399608325183237 0.028498240647344276 0.0572007697581104
1 0.46200037370807334 0.6236177554445775 0.028498240647344276 0.0572007697581104
1 0.48866001818462107 0.5647826779790929 0.028498240647344276 0.0572007697581104
1 0.5566880765040879 0.7102360639354302 0.028498240647344276 0.0572007697581104
0 0.6788527397260273 0.6602739726027397 0.04469178082191767 0.060273972602739645
0 0.1918664383561643 0.7397260273972602 0.04469178082191767 0.060273972602739645
0 0.11943493150684924 0.8465753424657534 0.04469178082191767 0.060273972602739645
0 0.01386986301369856 0.8794520547945213 0.02773972602739712 0.0602739726027398
0 0.6218321917808218 0.6465753424657534 0.04469178082191767 0.060273972602739645
