3 0.8667691594873628 0.7572586154858694 0.04328622166785223 0.052727246332643744
3 0.8645811647877804 0.7331420516860259 0.04328622166785223 0.052727246332643744
3 0.9783568891660738 0.6841309704153763 0.04328622166785223 0.052727246332643744
3 0.7772987913280625 0.7049127838999254 0.05993230297353749 0.061808636584127184
3 0.827959798813981 0.6937283639466076 0.05993230297353749 0.061808636584127184
3 0.7110752521307835 0.7231610480342868 0.05993230297353749 0.061808636584127184
3 0.6140577672067689 0.6954943249918665 0.04403865356618938 0.06180863658412719
3 0.7961724999992871 0.7378773900781266 0.05993230297353747 0.061808636584127184
3 0.6587586561649323 0.6925510565830987 0.04403865356618938 0.06180863658412719
3 0.5042922509872797 0.8067498708432967 0.035098475774557866 0.061808636584127184
3 0.5324455326519469 0.7524249267937768 0.035098475774557866 0.061808636584127184
3 0.5778003794962594 0.77613987939211 0.035098475774557866 0.061808636584127184
3 0.5592885226713938 0.7096267008854948 0.05169701681952347 0.06099942987554399
3 0.9348068593205124 0.6978334777762231 0.06359190564525448 0.04066628658369595
3 0.909187098772784 0.6742470315576793 0.05901694840458873 0.04879954390043508
2 0.9441855216638774 0.7740149859079526 0.11162895667224532 0.13446985016663277
0 0.7150658167160643 0.6872602432644621 0.03568466647719319 0.03578633219365244
0 0.6205929496963154 0.6612338198508967 0.03156720496059407 0.03903963512034835
3 0.5512823475002286 0.666520437106777 0.03568466647719319 0.04473291524206573
3 0.5198843990249356 0.6139034744413465 0.03552905934758968 0.043182711588000376
3 0.5249599789317341 0.5797440160209881 0.023927733846335925 0.03544849458716449
3 0.4644155614720658 0.5884450101469284 0.027553148065477658 0.04124915733779119
3 0.4357747891408456 0.5410729310168088 0.02320265100250751 0.040604639254388245
3 0.46659081000355085 0.5410729310168088 0.02320265100250758 0.038026566920776335
3 0.4914248974046723 0.5281825693487491 0.025015358112078445 0.03544849458716428
3 0.4519078824160266 0.502724105054331 0.023565192424421823 0.03351494033695537
3 0.4377687669613735 0.4769433817182115 0.017764529673794768 0.02706975950292545
3 0.2960150709929288 0.51110284013857 0.025740440955906826 0.03222590417014949
3 0.2822384969601899 0.5259267560568387 0.025740440955906826 0.03222590417014949
3 0.21145474877696008 0.8107682559141014 0.08306578339870463 0.06420626590140628
3 0.28540382645953727 0.7483114490710835 0.05800662750626923 0.05285048283904004
3 0.31635925432666245 0.7133705781099544 0.05800662750626923 0.05285048283904004
3 0.22616807235816977 0.7493171679299442 0.05800662750626923 0.05285048283904004
3 0.1681960750135182 0.7836709441341825 0.05800662750626923 0.05285048283904004
3 0.06860315649834758 0.8563423937969933 0.05800662750626923 0.05285048283904004
3 0.10799438546330312 0.8008478322363013 0.05800662750626923 0.05285048283904004
3 0.1533314603097613 0.7453532706756075 0.04462847427288802 0.05285048283904002
3 0.34731468219378775 0.7334615789126037 0.05800662750626923 0.05285048283904004
0 0.18642312013864287 0.7458238700759209 0.05202615146314884 0.06342235606936242
0 0.01569186924412331 0.8727304227323043 0.03138373848824662 0.06342235606936232
0 0.14108604529218455 0.8303870115017375 0.05202615146314884 0.06342235606936242
