3 0.3248707298099822 0.7026901171749441 0.06228724375712566 0.05428082244629707
3 0.2888418339112527 0.7482860080298336 0.06228724375712566 0.05428082244629707
3 0.22747057903290824 0.7493716244787594 0.051906036464271325 0.05428082244629707
3 0.21586805323501232 0.8085377209452228 0.08243899909031338 0.06622260338448223
3 0.07450043627643795 0.8563048446979643 0.07572174731258419 0.07273630207803786
3 0.17037393892220984 0.7786832685997597 0.06228724375712566 0.05428082244629707
3 0.11236130993272997 0.7993099811293505 0.042746147676458665 0.03691095926347845
3 0.15235949097284496 0.7482860080298331 0.04702076244410461 0.03691095926348181
3 0.3462438036482115 0.7330873777448704 0.06228724375712567 0.05428082244629707
3 0.1905599530895975 0.7358799667904924 0.029079626122041312 0.03679562932690919
2 0.06255352059028474 0.7547663854834249 0.12510704118056948 0.06326917449199428
0 0.1404516355486886 0.8389349815151493 0.04152482917141711 0.07056506918018585
3 0.4588176037515224 0.5548944178061356 0.0318857923937189 0.04907133555782941
3 0.4445403832767226 0.4872098170367148 0.01760857191891906 0.0321501853654735
3 0.44263675388008294 0.5921209482293164 0.0318857923937189 0.049071335557829415
3 0.51330899523034 0.5688543667148274 0.025698996854638986 0.0448410480097398
3 0.4502512714666424 0.5185139448925716 0.01760857191891906 0.0321501853654735
3 0.5630413132175583 0.6323086799361566 0.03664486588531865 0.04822527804821161
3 0.4923690718673008 0.5900058044552712 0.025698996854638986 0.0448410480097398
3 0.5021251725250805 0.6390771400130987 0.03664486588531865 0.04822527804821161
5 0.5356766406408595 0.6010045520803025 0.029506255647918988 0.04314893299050524
1 0.44715787369710286 0.653883146431412 0.030458070346238982 0.042302875480887396
1 0.470239380131362 0.4931322196040398 0.016656757220599516 0.03384230038470996
3 0.3288519782695486 0.5207483971697244 0.030458070346238982 0.044841048009740654
3 0.2850685021468301 0.5139799370927824 0.030458070346238982 0.044841048009740654
3 0.31647838719138915 0.5495143524967279 0.030458070346238982 0.04484104800974066
3 0.494321823052249 0.8408426914738208 0.03806598223014703 0.07718935285557578
3 0.5264399955589354 0.7684115863970133 0.03330773445137858 0.06767285729803917
3 0.5734276923742732 0.7039108942848199 0.03687642028545476 0.06344330371691158
3 0.584728530848848 0.7419768765149668 0.03687642028545476 0.06344330371691158
3 0.7003168061011137 0.7075781015018545 0.054811068508816944 0.058465139742737905
3 0.8580040339649408 0.7570486043610962 0.0699895182497197 0.05846513974273806
3 0.6543598332744902 0.7113258668699787 0.054811068508816944 0.058465139742737905
3 0.8293336288987905 0.7180718445326044 0.0699895182497197 0.05846513974273806
3 0.8714959892901881 0.7038303361337321 0.0699895182497197 0.05846513974273806
3 0.9357935888870685 0.7712901127599703 0.05691918652838515 0.058465139742738106
3 0.9742809601612481 0.6760968724096191 0.051438079677503475 0.046472290564743515
3 0.768619829935178 0.7293151406369769 0.0699895182497197 0.05846513974273806
3 0.929890858432273 0.7450557551831004 0.06956789464580433 0.04647229056474332
3 0.929890858432273 0.7450557551831004 0.06956789464580433 0.04647229056474332
3 0.9793404434082157 0.7090772076491112 0.04131911318356778 0.046472290564743515
0 0.6906194632110925 0.6734734366519239 0.03120014668963435 0.03372988831311801
0 0.764403593896038 0.6937113696397949 0.03120014668963435 0.03372988831311801
