3 0.6330882000120247 0.7037163156559489 0.0675408072936511 0.04255735818222171
3 0.4364504066254382 0.6201215049408773 0.04873197488276197 0.06535594292269054
3 0.5131818933925952 0.608722212570641 0.026930828224686426 0.05015688642904256
3 0.6093634227664694 0.6467198538047652 0.03719019135789776 0.02887820733793577
3 0.5345555665867899 0.6527994764022238 0.04146492599673659 0.03647773558475979
3 0.5933331678708235 0.6725582498439677 0.04787702795499385 0.04103745253285388
2 0.7865511735463332 0.7451337446011399 0.20946199730309956 0.12539221607260387
3 0.9324591927063476 0.7341144286432447 0.0769452234990979 0.0547166033771363
3 0.9741378554350253 0.6862374006882516 0.051724289129949266 0.05471660337713628
3 0.9172838847384719 0.675218084730357 0.05172428912995279 0.049396933604362744
3 0.9324591927063476 0.7766717868254617 0.0769452234990979 0.0547166033771363
3 0.5499446112866077 0.695736810996781 0.0406099790689683 0.0433173110068995
3 0.5467385603074784 0.7519733200232821 0.0427473463883878 0.05091683925372393
3 0.112708247792903 0.8057440693279997 0.05138673911530475 0.04750418549325924
3 0.3453188868548566 0.732660707030676 0.05755314780914277 0.0499402975698381
3 0.31380168686413507 0.7095176423031901 0.04385001737839358 0.0401958492635284
3 0.2846825346987949 0.7484954355284299 0.051386739115305134 0.049940297569838456
3 0.21342625645890348 0.8075711533854332 0.08427425214910145 0.06577502606759104
3 0.22644423036811392 0.7533676596815839 0.05138673911530475 0.04750418549325924
3 0.07605237389065125 0.8593385350127041 0.07399690432603953 0.07430141833561144
3 0.16340983038667173 0.7886912847919575 0.05138673911530475 0.04750418549325924
3 0.14902154343438603 0.7472773794901403 0.05138673911530475 0.04750418549325924
0 0.18910319994432598 0.7393600152412625 0.03836876520609463 0.04872224153154978
0 0.1377164608290203 0.8410676944383727 0.041109391292245105 0.0694291941824591
