3 0.9730308219178083 0.6794520547945205 0.053938356164383514 0.06027397260273973
3 0.4862157534246576 0.8383561643835616 0.053938356164383514 0.06027397260273973
3 0.509332191780822 0.7808219178082192 0.053938356164383514 0.06027397260273973
3 0.4569349315068494 0.8164383561643835 0.053938356164383514 0.06027397260273973
3 0.953767123287671 0.7753424657534244 0.09246575342465709 0.06027397260273972
3 0.05933219178082198 0.8575342465753425 0.053938356164383514 0.06027397260273973
3 0.05316780821917815 0.9520547945205478 0.1032534246575342 0.09589041095890388
3 0.31361301369863015 0.7123287671232876 0.053938356164383514 0.06027397260273973
3 0.29357876712328773 0.7698630136986302 0.053938356164383514 0.06027397260273973
3 0.15179794520547948 0.7479452054794519 0.044691780821917666 0.06027397260273968
3 0.16566780821917815 0.7945205479452055 0.053938356164383514 0.06027397260273973
3 0.21652397260273978 0.8027397260273975 0.06934931506849312 0.06027397260273973
3 0.23039383561643842 0.7589041095890411 0.053938356164383514 0.06027397260273973
3 0.11172945205479459 0.8 0.053938356164383514 0.06027397260273973
3 0.9531678082191779 0.44109589041095887 0.053938356164383514 0.06027397260273973
3 0.9130993150684931 0.6794520547945205 0.053938356164383514 0.06027397260273973
3 0.7019691780821918 0.673972602739726 0.05393835616438352 0.06027397260273972
1 0.6179794520547945 0.767123287671233 0.02773972602739718 0.06575342465753423
1 0.673458904109589 0.7369863013698631 0.02773972602739718 0.06575342465753423
1 0.6950342465753425 0.7315068493150685 0.02773972602739718 0.06575342465753423
1 0.7597602739726028 0.6767123287671234 0.02773972602739718 0.06575342465753423
1 0.792123287671233 0.7589041095890411 0.02773972602739718 0.06575342465753423
1 0.7690068493150686 0.7369863013698631 0.02773972602739718 0.06575342465753423
1 0.9462328767123286 0.7260273972602741 0.02773972602739718 0.06575342465753423
1 0.6426369863013699 0.6767123287671234 0.02773972602739718 0.06575342465753423
0 0.8306506849315071 0.6931506849315068 0.03698630136986296 0.0547945205479452
0 0.5563356164383563 0.8027397260273972 0.03698630136986296 0.0547945205479452
0 0.3005136986301371 0.832876712328767 0.03698630136986296 0.0547945205479452
0 0.10171232876712344 0.8630136986301369 0.03698630136986296 0.0547945205479452
0 0.19109589041095906 0.7342465753424656 0.03698630136986296 0.0547945205479452
0 0.01849315068493148 0.8630136986301369 0.03698630136986296 0.0547945205479452
0 0.8660958904109589 0.7041095890410958 0.03698630136986296 0.05479452054794521
3 0.19263698630137 0.9520547945205476 0.09246575342465765 0.07945205479452061
3 0.3690924657534247 0.8 0.053938356164383514 0.06027397260273973
