3 0.049315068493150725 0.7753424657534247 0.09863013698630145 0.08767123287671237
2 0.5501712328767122 0.7835616438356163 0.2003424657534247 0.11506849315068493
3 0.9308219178082191 0.7753424657534247 0.07705479452054803 0.06027397260273973
3 0.3113013698630137 0.7643835616438356 0.07705479452054803 0.06027397260273973
3 0.23116438356164387 0.7547945205479448 0.04931506849315076 0.052054794520547135
3 0.3960616438356165 0.589041095890411 0.07705479452054803 0.06027397260273973
3 0.17722602739726032 0.8246575342465754 0.07705479452054803 0.06027397260273973
3 0.7628424657534247 0.7726027397260273 0.07705479452054803 0.06027397260273973
3 0.17106164383561648 0.8 0.07705479452054803 0.06027397260273973
3 0.14563356164383562 0.7479452054794513 0.04160958904109599 0.060273972602739694
3 0.7751712328767124 0.7068493150684931 0.07705479452054803 0.06027397260273972
3 0.057020547945205585 0.8589041095890395 0.04931506849315066 0.06849315068493018
3 0.7751712328767124 0.7068493150684931 0.07705479452054803 0.06027397260273972
0 0.10171232876712329 0.852054794520548 0.043150684931506866 0.043835616438356206
0 0.8922945205479452 0.7424657534246576 0.043150684931506866 0.043835616438356206
0 0.930821917808219 0.7013698630136987 0.043150684931506866 0.043835616438356206
0 0.19109589041095887 0.7369863013698631 0.043150684931506866 0.0438356164383562
1 0.785958904109589 0.8068493150684932 0.03698630136986296 0.057534246575342396
1 0.45 0.6479452054794521 0.03698630136986296 0.057534246575342396
1 0.8383561643835616 0.7767123287671234 0.03698630136986296 0.057534246575342396
3 0.3205479452054795 0.7178082191780821 0.07705479452054803 0.06027397260273973
