3 0.6950342465753424 0.7 0.04623287671232873 0.057534246575342465
3 0.9645547945205483 0.7794520547945203 0.07089041095890322 0.057534246575342604
3 0.5625 0.6205479452054794 0.04623287671232873 0.057534246575342465
3 0.7705479452054795 0.7260273972602741 0.070890410958904 0.0821917808219178
3 0.9645547945205483 0.7410958904109587 0.07089041095890322 0.057534246575342604
3 0.975342465753425 0.691780821917808 0.04931506849314947 0.05753424657534256
3 0.36369863013698667 0.8068493150684928 0.07089041095890322 0.057534246575342604
3 0.29589041095890456 0.7630136986301366 0.07089041095890322 0.057534246575342604
3 0.32054794520547986 0.7054794520547942 0.07089041095890322 0.057534246575342604
3 0.2080479452054799 0.8671232876712325 0.07089041095890322 0.057534246575342604
3 0.20804794520547978 0.8041095890410953 0.08321917808219101 0.06301369863013696
3 0.2265410958904114 0.7547945205479449 0.07089041095890322 0.057534246575342604
3 0.16797945205479492 0.7876712328767119 0.07089041095890322 0.057534246575342604
3 0.1556506849315072 0.7465753424657532 0.04623287671232773 0.05753424657534257
3 0.11404109589041139 0.8013698630136982 0.07089041095890322 0.057534246575342604
3 0.0685787671232881 0.8589041095890408 0.04469178082191691 0.05753424657534257
3 0.8614726027397264 0.7684931506849313 0.07089041095890322 0.057534246575342604
0 0.23809931506849313 0.5972602739726027 0.04777397260273972 0.06575342465753423
0 0.11172945205479451 0.8575342465753425 0.04777397260273972 0.06575342465753423
0 0.18724315068493147 0.7424657534246575 0.04777397260273972 0.06575342465753423
0 0.7451198630136986 0.6767123287671234 0.04777397260273972 0.06575342465753423
0 0.6865582191780821 0.6547945205479452 0.04777397260273972 0.06575342465753423
0 0.02388698630136986 0.8712328767123287 0.04777397260273972 0.06575342465753423
0 0.4245719178082192 0.8383561643835616 0.04777397260273972 0.06575342465753423
1 0.6218321917808219 0.6794520547945204 0.03544520547945211 0.0547945205479452
1 0.5848458904109589 0.6958904109589041 0.03544520547945211 0.0547945205479452
1 0.5093321917808219 0.6821917808219178 0.03544520547945211 0.0547945205479452
1 0.5278253424657534 0.6712328767123288 0.03544520547945211 0.0547945205479452
1 0.5201198630136986 0.6082191780821917 0.03544520547945211 0.0547945205479452
1 0.6033390410958904 0.7589041095890411 0.03544520547945211 0.05479452054794521
4 0.7428082191780823 0.4287671232876712 0.02157534246575345 0.04657534246575338
4 0.3621575342465754 0.6479452054794521 0.02157534246575345 0.04657534246575338
3 0.9146404109589039 0.6753424657534246 0.050856164383561546 0.046575342465753525
3 0.15565068493150686 0.6479452054794521 0.024657534246575352 0.057534246575342396
3 0.07243150684931507 0.6945205479452053 0.024657534246575352 0.057534246575342396
3 0.13253424657534246 0.6479452054794521 0.024657534246575352 0.057534246575342396
0 0.11172945205479451 0.9287671232876713 0.04777397260273972 0.06575342465753423
