3 0.3029353951283916 0.7642683824807793 0.05426917506310755 0.04967924483388955
3 0.22882152172131184 0.7491486123139433 0.05426917506310755 0.04967924483388955
3 0.17536233434571336 0.8269074303148138 0.05426917506310755 0.04967924483388955
3 0.16847743900188625 0.7844280760365604 0.05426917506310755 0.04967924483388955
3 0.1522776852517049 0.7484286232583796 0.05426917506310755 0.04967924483388955
3 0.11177830087625146 0.803867780536778 0.05426917506310755 0.04967924483388955
3 0.06371640583570012 0.8611843382258164 0.05426917506310755 0.04967924483388955
3 0.1477719676127019 0.9473532190742592 0.05426917506310755 0.04967924483388955
3 0.09868842788890525 0.926629057857545 0.05426917506310755 0.04967924483388955
3 0.3171101796598003 0.7073892470912534 0.05426917506310755 0.04967924483388955
0 0.19387998190899683 0.7351623505297543 0.04662936273760685 0.05017428505099219
0 0.10491606615961536 0.8551443365212573 0.04662936273760685 0.05017428505099218
3 0.47556843004658256 0.8041018933141447 0.053356458005226405 0.05361421867191822
3 0.7852678710769179 0.7195563946391969 0.053356458005226405 0.05361421867191822
3 0.8571830970839619 0.7463635039751559 0.053356458005226405 0.05361421867191822
3 0.9302582460911201 0.6762526026349553 0.053356458005226405 0.05361421867191822
3 0.9221387850903245 0.7092459679715205 0.053356458005226405 0.05361421867191822
1 0.9895606929989773 0.7566739306428313 0.0208786140020448 0.05361421867191817
3 0.49064742904805947 0.6205762986295017 0.05335645800522641 0.05361421867191822
1 0.9367841964938082 0.7619405307412995 0.026678229002613137 0.043303792004241615
1 0.966942194496762 0.7000779707352399 0.026678229002613137 0.043303792004241615
1 0.893867045489604 0.7598784454077642 0.026678229002613137 0.043303792004241615
2 0.665362214467222 0.7567853174074614 0.19602698701920113 0.10310426667676581
2 0.05277649650516951 0.7695015050534403 0.0823545330080667 0.09141910596508909
