3 0.9698348373887954 0.7488035298326084 0.060330325222409435 0.05525370958136207
3 0.38923585262034777 0.8254752556667129 0.09863013698630141 0.0684931506849314
3 0.17786038123250564 0.8264290084986939 0.09863013698630141 0.0684931506849314
3 0.5378424657534246 0.7739726027397259 0.09863013698630141 0.0684931506849314
3 0.16927660574467446 0.7873251423874632 0.09863013698630141 0.0684931506849314
3 0.325930508397593 0.698626129013208 0.09863013698630141 0.0684931506849314
3 0.04931506849315071 0.8798719746333838 0.09863013698630141 0.0684931506849314
3 0.31198187322986737 0.7720650970757634 0.09863013698630141 0.0684931506849314
3 0.6268991364396729 0.7844638838915197 0.09863013698630141 0.0684931506849314
3 0.9698348373887954 0.6945423394867138 0.060330325222409435 0.05525370958136207
3 0.7946858765450504 0.46201316912136015 0.03047410553432999 0.0229245504847737
3 0.9567030710731828 0.6700372857821164 0.060330325222409435 0.05525370958136207
3 0.7253380208150106 0.4395757676588032 0.03047410553432999 0.0229245504847737
3 0.6904605278157537 0.44753742624229104 0.03047410553432999 0.0229245504847737
3 0.834295824207841 0.4449850551392994 0.03047410553432999 0.0229245504847737
3 0.8293673727923037 0.458127592247399 0.03047410553432999 0.0229245504847737
3 0.8209890053858903 0.4357852791636298 0.03047410553432999 0.0229245504847737
3 0.7655439269610956 0.43315677174200995 0.03047410553432999 0.0229245504847737
3 0.8182783571073446 0.47433672134738836 0.03047410553432999 0.0229245504847737
3 0.8935749908537549 0.4420510843905204 0.011142604908644556 0.033384106378863826
3 0.7645582366779881 0.45549908482577905 0.03047410553432999 0.0229245504847737
3 0.9406429923771614 0.44055686211993583 0.011142604908644556 0.033384106378863826
3 0.9183697416562638 0.43756841757876713 0.011142604908644556 0.033384106378863826
3 0.909964741384227 0.42187908373763167 0.011142604908644556 0.033384106378863826
2 0.06010273972602739 0.7671232876712325 0.12020547945205479 0.11506849315068532
2 0.8337328767123288 0.7424657534246576 0.2065068493150685 0.1205479452054796
