3 0.7836472602739724 0.773972602739726 0.06626712328767127 0.06849315068493154
3 0.8267979452054793 0.7109589041095891 0.06626712328767127 0.06849315068493154
3 0.686558219178082 0.773972602739726 0.06626712328767127 0.06849315068493154
3 0.5124143835616437 0.8452054794520548 0.06626712328767127 0.06849315068493154
3 0.5386130136986299 0.815068493150685 0.06626712328767127 0.06849315068493154
3 0.5571061643835614 0.763013698630137 0.06626712328767127 0.06849315068493154
3 0.4446061643835615 0.8013698630136986 0.06626712328767127 0.06849315068493154
3 0.3598458904109587 0.815068493150685 0.06626712328767127 0.06849315068493154
3 0.3012842465753423 0.7684931506849315 0.06626712328767127 0.06849315068493154
3 0.3166952054794519 0.7164383561643836 0.06626712328767127 0.06849315068493154
3 0.2072773972602738 0.8863013698630138 0.06626712328767127 0.06849315068493154
3 0.1810787671232875 0.826027397260274 0.06626712328767127 0.06849315068493154
3 0.22422945205479436 0.7657534246575343 0.06626712328767127 0.06849315068493154
3 0.1702910958904108 0.7931506849315069 0.06626712328767127 0.06849315068493154
3 0.1502568493150683 0.7575342465753423 0.041609589041095525 0.046575342465753025
3 0.7173801369863013 0.7109589041095891 0.06626712328767127 0.06849315068493154
3 0.10710616438356146 0.8041095890410956 0.041609589041095525 0.046575342465753025
3 0.051626712328766936 0.8561643835616437 0.041609589041095525 0.046575342465753025
3 0.9791952054794522 0.7219178082191777 0.041609589041095525 0.046575342465753025
3 0.14563356164383542 0.6424657534246572 0.041609589041095525 0.046575342465753025
0 0.1263698630136986 0.9315068493150683 0.04315068493150676 0.0547945205479452
0 0.10017123287671229 0.8657534246575342 0.04315068493150676 0.0547945205479452
0 0.18647260273972596 0.736986301369863 0.04315068493150676 0.0547945205479452
0 0.02157534246575338 0.8684931506849314 0.04315068493150676 0.0547945205479452
0 0.8830479452054795 0.7287671232876711 0.04315068493150676 0.0547945205479452
1 0.9300513698630136 0.7013698630136986 0.0570205479452055 0.06027397260273973
1 0.948544520547945 0.7917808219178082 0.057020547945205495 0.06027397260273972
2 0.041609589041095886 0.7671232876712328 0.07705479452054793 0.06027397260273972
