3 0.3351883561643835 0.7054794520547945 0.05085616438356162 0.0630136986301369
0 0.2966609589041096 0.6767123287671234 0.035445205479452076 0.06575342465753423
0 0.15796232876712327 0.8246575342465754 0.057020547945205474 0.06575342465753437
0 0.954708904109589 0.7479452054794521 0.05085616438356169 0.06575342465753423
0 0.48852739726027394 0.5657534246575342 0.027739726027397323 0.04657534246575345
3 0.22654109589041094 0.6904109589041095 0.06164383561643838 0.07123287671232874
3 0.5355308219178082 0.6794520547945205 0.05085616438356162 0.06575342465753423
3 0.6595890410958904 0.678082191780822 0.05547945205479444 0.057534246575342396
3 0.7150684931506849 0.7136986301369862 0.08013698630136985 0.057534246575342396
3 0.4422945205479452 0.48630136986301375 0.027739726027397254 0.03561643835616437
3 0.2658390410958904 0.7712328767123288 0.08476027397260275 0.06849315068493154
