3 0.4845405768991002 0.5502030939020491 0.023158442481369192 0.03234830060889671
3 0.47351274714606717 0.5815711429773426 0.023158442481369192 0.03234830060889671
3 0.504942061942211 0.5286375601627847 0.023158442481369192 0.03234830060889671
3 0.5773068875712748 0.6244202269050654 0.0452141019874351 0.0509730797473523
3 0.5977083726143859 0.6685315459171974 0.0452141019874351 0.0509730797473523
3 0.5199621728555035 0.6940180857908733 0.0452141019874351 0.0509730797473523
3 0.5905402832749145 0.7508726747398434 0.0452141019874351 0.0509730797473523
3 0.5599380557102466 0.8199804078588468 0.05569054025281859 0.0637163496841856
3 0.6522961298918989 0.7155836195301382 0.0452141019874351 0.0509730797473523
3 0.6897120911613916 0.6798693595642448 0.0452141019874351 0.0509730797473523
3 0.7292999121899604 0.7057982247993305 0.0452141019874351 0.0509730797473523
3 0.744926683648606 0.6798693595642448 0.0452141019874351 0.0509730797473523
3 0.808475554247098 0.7243188428243922 0.0452141019874351 0.0509730797473523
3 0.7793055808576264 0.7354312136394288 0.0452141019874351 0.0509730797473523
3 0.9058824296726555 0.7576559552695027 0.07959299919645464 0.050973079747352254
3 0.9709939774170115 0.7946971913196254 0.0452141019874351 0.0509730797473523
3 0.966900969864279 0.7409873990469471 0.06619806027144214 0.05097307974735231
3 0.9731516784477372 0.6826474522680037 0.0536966431045255 0.052825141549857936
3 0.9157793849297977 0.6761652359592323 0.0452141019874351 0.0509730797473523
3 0.8688990705538606 0.6983899775893059 0.0452141019874351 0.0509730797473523
3 0.5188593898802003 0.6391239999091095 0.0452141019874351 0.0509730797473523
3 0.31982792252027903 0.7139698248661168 0.052089238195485166 0.05000566866766576
3 0.2833654557834394 0.7436028137062148 0.052089238195485166 0.05000566866766576
3 0.22606729376840565 0.7565672463237577 0.052089238195485166 0.05000566866766576
3 0.16876913175337196 0.7899043587688682 0.052089238195485166 0.05000566866766576
3 0.21773301565712827 0.8047208531889182 0.08334278111277581 0.07223041029774029
3 0.11459632403006738 0.8065729149914237 0.052089238195485166 0.05000566866766576
3 0.15157968314886186 0.7436028137062148 0.042713175320297926 0.05000566866766575
3 0.07344582585563413 0.857504614560343 0.0718831487097695 0.07037834849523407
3 0.39431553313982315 0.5621007570606131 0.032295327681201316 0.050005668667665704
3 0.3458725416180215 0.7343425046936843 0.052089238195485166 0.05000566866766576
3 0.3453516492360671 0.5824734368881807 0.032295327681201316 0.050005668667665704
3 0.3463934339999768 0.5472842626405641 0.032295327681201316 0.050005668667665704
3 0.3151398910826856 0.5250595210104905 0.032295327681201316 0.050005668667665704
3 0.4342408337059925 0.40938314797643843 0.023437999418038494 0.041007747892389264
3 0.42348550652929473 0.6343311673583525 0.032295327681201316 0.050005668667665704
3 0.42348550652929473 0.6343311673583525 0.032295327681201316 0.050005668667665704
5 0.6367057655151992 0.6466177347384933 0.03905230792696952 0.051729418779079446
5 0.45867318525989703 0.5172941877907946 0.02909779806323229 0.05172941877907945
1 0.5586011496612602 0.7235312126600196 0.020674751255454423 0.04220031531977547
1 0.380185703641968 0.6078206706541838 0.020674751255454423 0.04220031531977547
1 0.7094502606732798 0.7316990156251374 0.020674751255454423 0.04220031531977547
1 0.7885722186443056 0.7738993309449136 0.03649260299326341 0.04220031531977552
1 0.5164859156223716 0.5846785622530166 0.020674751255454423 0.04220031531977547
0 0.19109589041095887 0.7397260273972602 0.04623287671232875 0.07123287671232874
0 0.023116438356164375 0.8684931506849316 0.04623287671232875 0.07123287671232874
0 0.4540474067894495 0.4731166961437363 0.028900768143515148 0.045555678832607284
0 0.4971462348339115 0.49495056354376854 0.027456425762781626 0.04641158542859729
0 0.7905821917808218 0.684931506849315 0.04623287671232875 0.07123287671232874
0 0.1417808219178082 0.8410958904109589 0.04623287671232875 0.07123287671232874
0 0.1417808219178082 0.8410958904109589 0.04623287671232875 0.07123287671232874
3 0.7543664383561643 0.9493150684931507 0.10325342465753437 0.10136986301369859
