3 0.36678082191780814 0.7041095890410958 0.049315068493150704 0.06575342465753423
3 0.3143835616438356 0.7123287671232876 0.049315068493150635 0.049315068493150704
3 0.23270547945205478 0.7945205479452055 0.08938356164383564 0.049315068493150704
3 0.485445205479452 0.6246575342465753 0.03390410958904113 0.049315068493150704
2 0.31592465753424653 0.5232876712328768 0.06472602739726024 0.0657534246575343
2 0.3513698630136986 0.5643835616438356 0.05547945205479451 0.05479452054794521
3 0.6811643835616438 0.689041095890411 0.049315068493150704 0.057534246575342535
3 0.5917808219178082 0.7082191780821918 0.07397260273972606 0.057534246575342396
3 0.7613013698630137 0.7315068493150685 0.0863013698630138 0.06575342465753423
3 0.5347602739726027 0.6657534246575342 0.0523972602739726 0.06575342465753437
3 0.4977739726027397 0.5383561643835617 0.03390410958904113 0.04657534246575345
3 0.9408390410958904 0.7123287671232876 0.06318493150684944 0.07123287671232888
3 0.4515410958904109 0.5068493150684931 0.03698630136986296 0.054794520547945286
