3 0.7959760273972603 0.7178082191780821 0.06318493150684916 0.07123287671232874
3 0.9300513698630136 0.7287671232876712 0.06318493150684916 0.07123287671232874
3 0.9053938356164383 0.6931506849315068 0.06318493150684916 0.07123287671232874
3 0.9684075342465754 0.663013698630137 0.06318493150684916 0.07123287671232874
3 0.689640410958904 0.7698630136986302 0.06318493150684916 0.07123287671232874
3 0.7004280821917807 0.7342465753424657 0.06318493150684916 0.07123287671232874
3 0.6942636986301369 0.8164383561643835 0.06318493150684916 0.07123287671232874
3 0.43535958904109573 0.8164383561643835 0.06318493150684916 0.07123287671232874
3 0.29820205479452044 0.7698630136986302 0.06318493150684916 0.07123287671232874
3 0.315154109589041 0.7123287671232876 0.06318493150684916 0.07123287671232874
3 0.1733732876712328 0.8356164383561644 0.06318493150684916 0.07123287671232874
3 0.1702910958904109 0.7917808219178082 0.06318493150684916 0.07123287671232874
3 0.22885273972602732 0.7616438356164376 0.03544520547945194 0.07123287671232863
3 0.08553082191780816 0.6904109589041095 0.06318493150684916 0.07123287671232874
3 0.14563356164383554 0.6438356164383562 0.06318493150684916 0.07123287671232874
3 0.10710616438356156 0.8027397260273972 0.06318493150684916 0.07123287671232874
3 0.06318493150684923 0.8547945205479438 0.036986301369862834 0.07123287671232867
3 0.8761130136986301 0.7561643835616438 0.06318493150684916 0.07123287671232874
0 0.5717465753424658 0.7794520547945205 0.049315068493150704 0.052054794520547884
0 0.1895547945205479 0.7356164383561644 0.049315068493150704 0.052054794520547884
0 0.10787671232876712 0.8534246575342466 0.049315068493150704 0.052054794520547884
0 0.024657534246575352 0.8616438356164383 0.049315068493150704 0.052054794520547884
0 0.525513698630137 0.7712328767123288 0.049315068493150704 0.052054794520547884
1 0.5193493150684932 0.5767123287671232 0.03698630136986296 0.04657534246575338
1 0.5039383561643835 0.8726027397260273 0.03698630136986296 0.04657534246575338
1 0.7674657534246575 0.8123287671232876 0.03698630136986296 0.04657534246575338
3 0.15642123287671228 0.745205479452054 0.03544520547945194 0.07123287671232863
2 0.053938356164383576 0.7616438356164366 0.10787671232876712 0.07123287671232846
2 0.13407534246575337 0.9287671232876695 0.10787671232876712 0.07123287671232846
