3 0.5124143835616437 0.810958904109589 0.08476027397260268 0.049315068493150704
3 0.29203767123287666 0.7589041095890411 0.08476027397260268 0.049315068493150704
3 0.9254280821917809 0.7643835616438356 0.08476027397260268 0.049315068493150704
3 0.9130993150684933 0.7178082191780822 0.08476027397260268 0.049315068493150704
3 0.8730308219178081 0.6904109589041095 0.08476027397260268 0.049315068493150704
3 0.17645547945205475 0.8301369863013699 0.08476027397260268 0.049315068493150704
3 0.060873287671232845 0.8602739726027397 0.08476027397260268 0.049315068493150704
3 0.1718321917808219 0.7863013698630137 0.08476027397260268 0.049315068493150704
3 0.31207191780821913 0.7041095890410959 0.08476027397260268 0.049315068493150704
3 0.8111687387174621 0.4670318725450661 0.028211546157423637 0.02346422149191936
3 0.41994863013698625 0.8054794520547945 0.08476027397260268 0.049315068493150704
3 0.7373091758568137 0.4411810255438391 0.028211546157423637 0.02346422149191936
3 0.7636216451259198 0.4407706946390577 0.028211546157423637 0.02346422149191936
3 0.792242225734421 0.43666738559124374 0.028211546157423637 0.02346422149191936
3 0.7264610525616559 0.45595293811596876 0.028211546157423637 0.02346422149191936
3 0.89468076224612 0.4431747350766739 0.010095510884820445 0.0274900071080542
3 0.77816274656411 0.4580045926398757 0.028211546157423637 0.02346422149191936
3 0.9429901896397225 0.44082636013392923 0.010095510884820445 0.0274900071080542
3 0.9201564368482152 0.4371360566524735 0.010095510884820445 0.0274900071080542
3 0.9318563762951034 0.39788464689517133 0.010095510884820445 0.0274900071080542
3 0.9122306714164523 0.4170071285718058 0.010095510884820445 0.0274900071080542
3 0.9363853851132536 0.42136839632261713 0.010095510884820445 0.0274900071080542
2 0.06780821917808226 0.7630136986301373 0.09863013698630149 0.0849315068493157
2 0.7458904109589042 0.7493150684931507 0.17568493150684944 0.11780821917808225
