2 0.7952054794520548 0.7424657534246575 0.19417808219178084 0.1315068493150686
2 0.10171232876712329 0.93972602739726 0.20342465753424657 0.08219178082191685
2 0.04623287671232878 0.7894977099274918 0.09246575342465753 0.07579910069295798
3 0.645896169766578 0.6741779341021639 0.07827205814926125 0.0690358204520615
3 0.9579229374978557 0.7185491641677467 0.07827205814926125 0.0690358204520615
3 0.4612742233359742 0.835245786392539 0.07827205814926125 0.0690358204520615
3 0.299027386539948 0.7625856253846492 0.07827205814926125 0.0690358204520615
3 0.1788904157825851 0.8330439633316941 0.07827205814926125 0.0690358204520615
3 0.3225593705027303 0.8154293788449328 0.07827205814926125 0.0690358204520615
3 0.17393631389568356 0.7956129712973267 0.07827205814926125 0.0690358204520615
3 0.3163667431441034 0.7141455180460564 0.07827205814926125 0.0690358204520615
3 0.22347733276469917 0.7537783331412689 0.07827205814926125 0.0690358204520615
3 0.0822854289880046 0.8550621939401453 0.07827205814926125 0.0690358204520615
3 0.15226211814048862 0.7438701293674648 0.042354819469225403 0.05362305902614719
3 0.6198054837168243 0.7647874484454946 0.07827205814926125 0.0690358204520615
