3 0.5101027397260274 0.5712328767123287 0.03390410958904113 0.05205479452054796
3 0.6526541095890408 0.7109589041095891 0.07243150684931507 0.07397260273972606
3 0.8113869863013696 0.7493150684931507 0.07243150684931507 0.07397260273972606
3 0.8083047945205476 0.6945205479452053 0.07243150684931507 0.07397260273972606
3 0.30744863013698615 0.7684931506849315 0.07243150684931507 0.07397260273972606
3 0.31823630136986286 0.7136986301369862 0.07243150684931507 0.07397260273972606
3 0.12251712328767106 0.9630136986301369 0.07243150684931507 0.07397260273972606
3 0.24580479452054774 0.8479452054794521 0.07243150684931507 0.07397260273972606
3 0.07628424657534229 0.9273972602739726 0.07243150684931507 0.07397260273972606
3 0.21190068493150666 0.8041095890410958 0.07243150684931507 0.07397260273972606
3 0.24118150684931486 0.7657534246575344 0.07243150684931507 0.07397260273972606
3 0.16874999999999982 0.7986301369863014 0.07243150684931507 0.07397260273972606
3 0.10787671232876699 0.8041095890410959 0.033904109589041116 0.05205479452054787
3 0.7204623287671231 0.732876712328767 0.07243150684931507 0.07397260273972606
3 0.0732020547945204 0.8561643835616437 0.06010273972602745 0.06849315068493156
3 0.1525684931506848 0.7493150684931507 0.033904109589041116 0.05205479452054787
0 0.6418664383561645 0.6534246575342466 0.041609589041095914 0.06849315068493148
0 0.12559931506849317 0.8397260273972603 0.041609589041095914 0.06849315068493148
0 0.18878424657534246 0.7465753424657534 0.041609589041095914 0.06849315068493148
0 0.2303938356164384 0.606849315068493 0.041609589041095914 0.06849315068493148
0 0.020804794520547957 0.8726027397260274 0.041609589041095914 0.06849315068493148
0 0.5894691780821918 0.6315068493150684 0.041609589041095914 0.06849315068493148
1 0.4777397260273972 0.5424657534246575 0.027739726027397323 0.06027397260273973
1 0.4546232876712329 0.6438356164383562 0.027739726027397323 0.06027397260273973
1 0.525513698630137 0.6931506849315069 0.027739726027397323 0.06027397260273973
1 0.5285958904109589 0.6191780821917808 0.027739726027397323 0.06027397260273973
1 0.5501712328767123 0.6219178082191781 0.027739726027397323 0.06027397260273973
1 0.9184931506849315 0.7753424657534247 0.027739726027397323 0.06027397260273973
1 0.9462328767123287 0.7726027397260273 0.027739726027397323 0.06027397260273973
1 0.9832191780821918 0.8082191780821918 0.027739726027397323 0.06027397260273973
1 0.4268835616438356 0.6 0.027739726027397323 0.06027397260273973
5 0.962414383561644 0.7164383561643833 0.06318493150684944 0.0684931506849314
5 0.7420376712328767 0.678082191780822 0.06318493150684944 0.0684931506849314
3 0.8830479452054795 0.7534246575342465 0.05856164383561634 0.06575342465753423
3 0.9707191780821917 0.6712328767123288 0.05856164383561634 0.06575342465753423
3 0.8799657534246574 0.7068493150684932 0.05856164383561634 0.06575342465753423
4 0.728167808219178 0.42465753424657543 0.02928082191780824 0.06575342465753437
4 0.37833904109589045 0.6602739726027397 0.02928082191780824 0.06575342465753437
3 0.9200342465753425 0.6835616438356164 0.05239726027397253 0.06301369863013705
