3 0.29775903343723087 0.7656920310895796 0.06047804704763515 0.041650546915688695
3 0.32227716061870454 0.7162925452128323 0.06047804704763515 0.041650546915688695
3 0.17912693392215356 0.8317507666685651 0.06047804704763515 0.041650546915688695
3 0.07236896176793803 0.8510709053418498 0.06047804704763515 0.041650546915688695
3 0.14460639202797607 0.9169866725801146 0.06047804704763515 0.041650546915688695
3 0.16889862521276766 0.785155138103585 0.06047804704763515 0.041650546915688695
3 0.22835066958607328 0.7556066907209142 0.06047804704763515 0.041650546915688695
3 0.07812238541696762 0.6965097959555735 0.06047804704763515 0.041650546915688695
3 0.14077077626195636 0.6487776886451059 0.06047804704763515 0.041650546915688695
3 0.11711781237150141 0.8124306279952804 0.06047804704763515 0.041650546915688695
3 0.15195798891284754 0.7442419032660426 0.02915385162514031 0.04165054691568883
3 0.7014099473951727 0.7624255631938383 0.06047804704763515 0.041650546915688695
3 0.41054241847201 0.7976564043039451 0.060478047047635146 0.041650546915688695
3 0.8791268112207533 0.7090110621559339 0.06047804704763515 0.041650546915688695
3 0.6841496764480841 0.7249217645927564 0.06047804704763515 0.041650546915688695
3 0.7701902544758843 0.47285658481553383 0.03411015078072556 0.022728019931076808
3 0.7531907602364388 0.7840186593580972 0.06047804704763515 0.041650546915688695
3 0.7699483471706833 0.44877336865330136 0.03411015078072556 0.022728019931076808
3 0.7443061728193776 0.461245034165886 0.03411015078072556 0.022728019931076808
3 0.7360453854907335 0.43125656685841823 0.03411015078072556 0.022728019931076808
3 0.8953035451015642 0.44446909565576137 0.0159092182537734 0.03189589705576405
3 0.8234098616201032 0.4625352064602914 0.03411015078072556 0.022728019931076808
3 0.9195714551375002 0.44069408742794897 0.0159092182537734 0.03189589705576405
3 0.9705340662129659 0.4212797593992002 0.0159092182537734 0.03189589705576405
3 0.9408058764189441 0.43961551364857404 0.0159092182537734 0.03189589705576405
0 0.06472602739726027 0.7726027397260274 0.12945205479452054 0.09863013698630152
2 0.5517123287671233 0.7890410958904109 0.2095890410958904 0.09863013698630141
0 0.18588213509411275 0.7368441867434554 0.025495946216087154 0.03506984978303649
