3 0.3044244152750473 0.5262094849069169 0.03550138953644865 0.03786814883887857
3 0.4737216666269869 0.5601330349084123 0.021744601091074785 0.03944598837383182
3 0.5143263809092999 0.559738575024674 0.023963437937102868 0.03865706860635534
3 0.45996487818161286 0.5987901035147674 0.03772022638247662 0.04260166744373855
3 0.4688402255657252 0.687149117472151 0.04482050428976649 0.05049086511850476
3 0.534739679892758 0.6011568628171975 0.035501389536448755 0.02997895116411236
3 0.6767452380385527 0.6548034070056087 0.04703934113579436 0.029978951164112148
3 0.5888792989358422 0.7684078535222446 0.03461385479803745 0.058380062793271036
3 0.5092230561634356 0.7853696285229921 0.04570803902817772 0.07494737791028029
2 0.6468979963530319 0.6822818708994227 0.18327592348191402 0.09360015812319783
2 0.8582783954852444 0.7489203422217829 0.18371969085111953 0.11190522129922771
2 0.8582460920436464 0.6930660157282256 0.0026626042152335574 0.02287867325682228
3 0.3480560785479585 0.7356168781159272 0.05927249868315165 0.043009522853987646
3 0.31600054354584584 0.7090943390226349 0.05080499887127285 0.03297396752139051
3 0.21370356668075097 0.8085790296549672 0.09031999799337406 0.051611427424785035
3 0.22579999498343498 0.7533834753256832 0.05322428453180965 0.043009522853987646
3 0.07620749830690932 0.8576815682466032 0.0749978554766409 0.05806285585288322
3 0.10967428327766844 0.8014107758459693 0.05241785597829743 0.03584126904498973
3 0.14979410381490374 0.7454983961357854 0.045563213273443155 0.03297396752139036
3 0.17055963906784463 0.7859990301566238 0.06773999849503053 0.030823491378691018
0 0.13951213975762233 0.8347431560578096 0.04274071333615018 0.06666476042368075
0 0.18749463869160227 0.7379717296363375 0.03145071358697841 0.045159998996687
5 0.5276793142136786 0.7256287327448515 0.03703259175910489 0.059850653348048156
3 0.5169482791016654 0.6912146070697238 0.038295066478165225 0.03291785934142652
3 0.7631169949657718 0.6722311364394383 0.061795566530668256 0.03661959498113674
3 0.9735161857725708 0.6777531344225409 0.052967628454858445 0.04766359094734184
3 0.9774397138062639 0.796330870551936 0.04512057238747204 0.07207665426809967
