3 0.9331335616438353 0.6876712328767124 0.06934931506849308 0.049315068493150614
3 0.832962328767123 0.684931506849315 0.06934931506849308 0.049315068493150614
3 0.7744006849315066 0.7561643835616438 0.06934931506849308 0.049315068493150614
3 0.6803938356164381 0.7424657534246576 0.06934931506849308 0.049315068493150614
3 0.5709760273972599 0.7780821917808219 0.06934931506849308 0.049315068493150614
3 0.6264554794520546 0.7917808219178082 0.06934931506849308 0.049315068493150614
3 0.47851027397260254 0.7671232876712328 0.06934931506849308 0.049315068493150614
3 0.386044520547945 0.8136986301369863 0.06934931506849308 0.049315068493150614
3 0.5555650684931505 0.8383561643835616 0.06934931506849308 0.049315068493150614
3 0.08244863013698608 0.9479452054794523 0.06934931506849308 0.049315068493150614
3 0.30128424657534225 0.7643835616438356 0.06934931506849308 0.049315068493150614
3 0.31669520547945185 0.7123287671232876 0.06934931506849308 0.049315068493150614
3 0.18416095890410936 0.8356164383561644 0.06934931506849308 0.049315068493150614
3 0.1656678082191779 0.7917808219178082 0.06934931506849308 0.049315068493150614
3 0.22731164383561608 0.761643835616438 0.044691780821917645 0.049315068493150614
3 0.9315924657534244 0.7424657534246576 0.06934931506849308 0.04931506849315062
3 0.1101883561643832 0.8082191780821915 0.044691780821917645 0.049315068493150614
3 0.15179794520547912 0.7479452054794516 0.044691780821917645 0.049315068493150614
3 0.06087328767123253 0.8575342465753422 0.044691780821917645 0.049315068493150614
0 0.18647260273972602 0.7369863013698631 0.049315068493150684 0.043835616438356206
0 0.024657534246575342 0.8684931506849316 0.049315068493150684 0.043835616438356206
0 0.10787671232876711 0.8630136986301369 0.049315068493150684 0.0438356164383562
2 0.04006849315068494 0.7771689428042059 0.0678082191780822 0.06210047055597187
1 0.9815068493150685 0.7945205479452057 0.0369863013698631 0.06027397260273986
1 0.7797945205479452 0.810958904109589 0.0369863013698631 0.06027397260273986
