3 0.49040031863955547 0.8621758405735352 0.059791899599610544 0.09346779707525314
3 0.5456874328169673 0.5114605700980168 0.04742116175141525 0.053148355199653705
3 0.5357596907496048 0.5836051512512119 0.04742116175141525 0.053148355199653705
3 0.5130800046945803 0.6202591893199386 0.04742116175141525 0.053148355199653705
3 0.5347287959289219 0.6734075445195924 0.04742116175141525 0.053148355199653705
3 0.6027678540939959 0.6532478235817928 0.04742116175141525 0.053148355199653705
3 0.6409109624592646 0.6752402464230289 0.04742116175141525 0.053148355199653705
3 0.6852394397486311 0.7173923902020647 0.04742116175141525 0.053148355199653705
3 0.7347223911414121 0.7100615825883193 0.04742116175141525 0.053148355199653705
3 0.704826441341607 0.6697421407127198 0.04742116175141525 0.053148355199653705
3 0.80740047599956 0.7412175149467375 0.06700816334439057 0.053148355199653746
3 0.9762894191242925 0.7835436666287978 0.04742116175141525 0.053148355199653705
3 0.8934801935265849 0.7696243944500007 0.0639154788823422 0.05864646090996186
3 0.4635970533017989 0.6294226988371203 0.04742116175141525 0.053148355199653705
3 0.9099745106575119 0.7036471259262924 0.0639154788823422 0.05864646090996186
3 0.5845173633272269 0.7074229347264265 0.04535937211004935 0.08063888375119874
3 0.5907027322513245 0.7697347994432618 0.04535937211004935 0.08063888375119874
0 0.7246816036925281 0.6729184773789288 0.036469397880126306 0.03936379453727909
0 0.7917592462220463 0.7059145992704718 0.036469397880126306 0.03936379453727909
0 0.19116010641057676 0.7337458629900925 0.053156821033957156 0.060880461697010585
0 0.14158114833082824 0.8382421778431709 0.053156821033957156 0.060880461697010585
3 0.2141606539733467 0.8096192742095016 0.07871298499259041 0.04361585315606746
3 0.113724929615918 0.7919003338648493 0.06900164268830979 0.05724580726733848
3 0.17097073688325648 0.7837223613980866 0.06900164268830979 0.05724580726733848
3 0.15972602474145783 0.7473758171013637 0.06900164268830979 0.05724580726733848
3 0.2323055303839763 0.752827798745872 0.06900164268830979 0.05724580726733848
3 0.35651283015264745 0.72939782530695 0.06900164268830979 0.05724580726733848
3 0.32056570172786963 0.7137763571519848 0.06900164268830979 0.05724580726733848
3 0.07692405351548609 0.8600501044212046 0.06900164268830979 0.05724580726733848
3 0.07692405351548609 0.8600501044212046 0.06900164268830979 0.05724580726733848
3 0.9762894191242925 0.6812940568872073 0.04742116175141525 0.053148355199653705
1 0.9646063087363812 0.7508805968502341 0.07078738252723757 0.053148355199653656
3 0.8594606644440481 0.7210577940089371 0.04742116175141525 0.053148355199653705
1 0.6439112933151705 0.7293345684115488 0.03264367564178492 0.04062324079866585
1 0.6295480760327851 0.6979966397954352 0.03264367564178492 0.04062324079866585
1 0.4885273972602739 0.5215757083269437 0.03264367564178492 0.04062324079866585
1 0.529658428568923 0.5563956290115144 0.03264367564178492 0.04062324079866585
1 0.48461015618325975 0.6747833593390546 0.03264367564178492 0.04062324079866585
3 0.46668973776384776 0.5799397474443392 0.04742116175141525 0.053148355199653705
