3 0.4480953548468471 0.5450133876285197 0.024132931023244167 0.03563129552207805
3 0.48715798048616604 0.5559209270740538 0.023723898294036587 0.03272261833660231
3 0.47325086769311014 0.5890071300588405 0.02372389829403666 0.0290867718547576
3 0.531128998875975 0.5930065611888707 0.025769061940073848 0.034176956929340085
3 0.5770451141972325 0.7512149562895476 0.047342864915617115 0.05179390349742746
3 0.34596708976797147 0.7305098472449645 0.06150526040319484 0.036687348310677804
3 0.316428379179595 0.7092887340064351 0.0526031832395746 0.031651829915094395
3 0.21567305128225592 0.8046039036371172 0.08254653369902482 0.04244222647705854
3 0.22659832780124448 0.7542487196812854 0.053412462981721906 0.04100350693546332
3 0.1679255464955651 0.7866199093671774 0.06555165911393145 0.025177591977916053
3 0.11046668480310667 0.8024458243247247 0.04936606427098541 0.04100350693546332
3 0.07323981666433081 0.8567574870199435 0.06878877808252065 0.050355183955832106
3 0.1501213921683246 0.7506519208272977 0.05017534401313277 0.04388094601865258
0 0.13946520946655103 0.8310970250897476 0.043423950212586694 0.06259308138751236
0 0.19130010499058472 0.7361641849853539 0.03051412717641231 0.04520611433542569
2 0.6782331445025589 0.7002152005832631 0.14240525634327927 0.10157136941380607
2 0.5273623386760865 0.6206329648920392 0.11690790425961756 0.0739385860262048
3 0.5976105844339008 0.6322223831346462 0.040108092915026816 0.03644389677217262
3 0.5519319230584536 0.5454700636443658 0.02985824694785343 0.0388206726486186
3 0.8059498448536238 0.688076616231128 0.06550988509454385 0.034067120895726506
3 0.8289005869105557 0.7629450563391782 0.060607784849373875 0.05862713828566896
3 0.8953017629587672 0.799785082424092 0.0650642396177102 0.06417294866404305
3 0.914881713924776 0.7455153665785741 0.04723842054436503 0.047535517528920795
3 0.9750438532973165 0.6908495214203151 0.04634712959069759 0.06021165553663295
3 0.9126534865406079 0.6769849954743798 0.05793391198837213 0.04832777615440264
3 0.8674204706419942 0.7158056681229986 0.052140520789535 0.03723615539765461
