2 0.4472669285911603 0.49904767249399545 0.03526676617821671 0.09268174299975797
2 0.42925021108707134 0.611492434221643 0.09123359076538677 0.08314097533801806
2 0.5017004155184078 0.6694185235964918 0.052133480437363815 0.07905207491155836
3 0.49948474271974336 0.5588163916161877 0.023766733728798145 0.03543713702931917
3 0.343850970237613 0.7360020767627838 0.05750016224709253 0.05179273873515868
3 0.21543394121910653 0.8112290969784343 0.0874002466155806 0.05315570554397894
3 0.0762835485811427 0.8514366178386235 0.06823352586654974 0.051792738735158966
3 0.1713504834963356 0.7791993769711649 0.06363351288678239 0.0381630706469592
3 0.5580154195273491 0.7087427405863843 0.04523346096771263 0.05724460597043887
3 0.6116822376246354 0.7148760912260744 0.04830013628755772 0.05860757277925885
3 0.750065961432638 0.7346391099539639 0.06440018171674368 0.06542240682335859
3 0.8711996365665127 0.7455428444245237 0.06440018171674368 0.05997053958807854
3 0.6795324290762045 0.6617203856820955 0.061333506396898656 0.0586075727792587
3 0.7650160036168819 0.6753500537702951 0.05750016224709256 0.04770383830869904
