2 0.43844178082191776 0.5547945205479452 0.05085616438356162 0.12876712328767126
2 0.560958904109589 0.6534246575342466 0.12636986301369865 0.0958904109589043
2 0.5293664383561644 0.7136986301369862 0.041609589041095914 0.11232876712328775
3 0.3498287671232876 0.7397260273972602 0.058561643835616406 0.07123287671232874
3 0.3175122357448051 0.7098162425761643 0.049214396540444835 0.04797962673477059
3 0.21471764942242444 0.8114201580145018 0.09604745131280353 0.05080195771916877
3 0.22821191944157868 0.7570902865648352 0.061121105380874924 0.05221312321136793
3 0.11390751457344883 0.7987196685847096 0.05953354420215098 0.042334964765973954
3 0.6936006925062631 0.7458009626272423 0.057152202434064915 0.06350244714896078
3 0.7860761311669378 0.7719075242329262 0.07540915598939107 0.05362428870356737
3 0.8610883968616477 0.7683796105024282 0.06509000832768506 0.04656846124257157
3 0.9674549958361576 0.7754354379634242 0.06191488597023707 0.05221312321136807
3 0.859500835682924 0.7105218253222638 0.05873976361278878 0.05503545419576625
3 0.7213830131339337 0.6787706017477834 0.05397708007661692 0.04233496476597409
