3 0.4715753424657534 0.8205479452054795 0.10171232876712326 0.07397260273972606
3 0.18493150684931506 0.9164383561643836 0.10171232876712326 0.07397260273972606
3 0.8892123287671234 0.7657534246575344 0.10171232876712326 0.07397260273972606
3 0.17260273972602744 0.8315068493150685 0.10171232876712326 0.07397260273972606
3 0.30051369863013677 0.7684931506849313 0.04315068493150713 0.07397260273972624
3 0.36369863013698633 0.8178082191780822 0.10171232876712327 0.07397260273972606
3 0.07243150684931486 0.850684931506849 0.04315068493150713 0.07397260273972624
3 0.8219742491494041 0.46683536452232965 0.029910949387631707 0.024609638119371984
3 0.7392259020002182 0.4589895953111476 0.029910949387631707 0.024609638119371984
3 0.773796322586989 0.4364330088289991 0.029910949387631707 0.024609638119371984
3 0.8065278910148892 0.43447156652620367 0.029910949387631707 0.024609638119371984
3 0.739225902000218 0.43839445113179465 0.029910949387631707 0.024609638119371984
3 0.6921512867331256 0.45147073315043146 0.029910949387631707 0.024609638119371984
3 0.9184747886252898 0.43728511341016285 0.012961527125398447 0.02494444152207888
3 0.7844616651084395 0.45866268826068163 0.029910949387631707 0.024609638119371984
3 0.7844616651084395 0.45866268826068163 0.029910949387631707 0.024609638119371984
3 0.9433339412765608 0.4409679508399808 0.012961527125398447 0.02494444152207888
3 0.9256312113582316 0.4014611493201155 0.012961527125398447 0.02494444152207888
3 0.9107533851502737 0.4195405330664946 0.012961527125398447 0.02494444152207888
3 0.9359891916295942 0.4617257618080457 0.012961527125398447 0.02494444152207888
3 0.8377026515212006 0.7049517822260113 0.055378076668271284 0.05484729637222903
3 0.8947455974581672 0.4429767712562451 0.012961527125398447 0.02494444152207888
2 0.05702054794520547 0.773972602739726 0.11404109589041093 0.07945205479452062
2 0.6950342465753424 0.767123287671233 0.1941780821917808 0.08219178082191789
