3 0.8352739726027397 0.7767123287671234 0.06472602739726029 0.04657534246575338
3 0.8106164383561645 0.732876712328767 0.06472602739726029 0.04657534246575338
3 0.935445205479452 0.689041095890411 0.06472602739726029 0.04657534246575338
3 0.302054794520548 0.7602739726027398 0.06472602739726029 0.04657534246575338
3 0.2958904109589042 0.8424657534246575 0.06472602739726029 0.04657534246575338
3 0.07397260273972611 0.8589041095890412 0.06472602739726029 0.04657534246575338
3 0.17414383561643845 0.8342465753424656 0.06472602739726029 0.04657534246575338
3 0.16643835616438366 0.7849315068493149 0.06472602739726029 0.04657534246575338
3 0.3128424657534247 0.7082191780821918 0.06472602739726029 0.04657534246575338
3 0.7604801562146021 0.4612646430357416 0.030227479478489295 0.025109579316294536
3 0.7828767123287672 0.7136986301369862 0.06472602739726029 0.04657534246575338
3 0.8388411436301026 0.4682738718192385 0.030227479478489295 0.025109579316294536
3 0.8176491784799989 0.4411131102831881 0.030227479478489295 0.025109579316294536
3 0.75013059183897 0.43804657269040825 0.030227479478489295 0.025109579316294536
3 0.7098922271663866 0.4544574891210908 0.030227479478489295 0.025109579316294536
3 0.9191123306623648 0.4391328436160762 0.01417033308087377 0.02894412173960469
3 0.7959643769310554 0.45995041263883607 0.030227479478489295 0.025109579316294536
3 0.9418799263007694 0.44211526550087304 0.01417033308087377 0.02894412173960469
3 0.916476082746339 0.40888256449885074 0.01417033308087377 0.02894412173960469
3 0.525574656960337 0.7785838243955506 0.034204579656216386 0.053601655986180254
3 0.8946671227137618 0.4429673860393864 0.01417033308087377 0.02894412173960469
2 0.06010273972602739 0.7767123287671225 0.12020547945205479 0.09589041095890215
2 0.6395547945205479 0.7643835616438356 0.2065068493150685 0.09863013698630141
