3 0.18493150684931506 0.8232876712328766 0.0523972602739726 0.05205479452054803
3 0.15256849315068494 0.7506849315068493 0.0523972602739726 0.03835616438356169
3 0.2696917808219178 0.7561643835616438 0.14486301369863008 0.049315068493150704
3 0.14717465753424658 0.8178082191780822 0.12174657534246575 0.06301369863013705
3 0.580222602739726 0.7753424657534247 0.08476027397260275 0.06575342465753437
3 0.7273972602739726 0.726027397260274 0.11712328767123296 0.10958904109589042
3 0.8244863013698631 0.7452054794520548 0.07705479452054803 0.07671232876712338
3 0.5270547945205479 0.37945205479452054 0.06164383561643838 0.041095890410958874
3 0.31746575342465755 0.7219178082191781 0.05239726027397257 0.057534246575342396
1 0.49083904109589044 0.8315068493150685 0.06010273972602739 0.06849315068493154
2 0.9600171232876713 0.7127853811603703 0.0799657534246576 0.1050228171152611
2 0.05779109589041096 0.7712328767123288 0.1125 0.07945205479452057
4 0.3559931506849315 0.6356164383561643 0.02157534246575338 0.049315068493150635
