3 0.4902296728937338 0.5168055513882648 0.029841391221665035 0.051491027990324054
3 0.5143660922641983 0.5799990857400261 0.030719079198772904 0.04993069380879909
3 0.3462479069690258 0.7341372324074993 0.06582659828308472 0.051491027990324054
3 0.21283933444864067 0.8059126047576478 0.09040186164210308 0.04837035962727441
3 0.22688234208236543 0.7544215767673239 0.051783590649360035 0.048370359627273984
3 0.11322174904690577 0.7988911009407854 0.043884398855389806 0.03432735199354966
3 0.1562284599251878 0.7520810754950363 0.05090590267225222 0.04056868871964937
3 0.5726914050628373 0.7497405742227489 0.04476208683249773 0.0639737014425235
3 0.7232148931368243 0.7591025793118987 0.059682782443329925 0.08269771162082336
3 0.8073474890248385 0.773925754036386 0.07635885400837822 0.07801670907624868
3 0.8815121230904475 0.7754860882179111 0.06845966221440833 0.06865470398709889
3 0.9727916727096582 0.772365419854861 0.05090590267225238 0.0686547039870986
3 0.7072910596345499 0.6912280424155626 0.05529434255779108 0.04993069380879902
3 0.8363111922693958 0.692008209506325 0.07635885400837836 0.054611696353373845
2 0.43752745658823655 0.5773236471642396 0.05353896660357556 0.11858539779589783
2 0.5889286326393315 0.6701635309649754 0.11761018893244475 0.09518038507302343
2 0.5270516302532319 0.7130727209569122 0.03598520706141962 0.09674071925454825
