3 0.50625 0.6712328767123288 0.041609589041095914 0.0547945205479452
3 0.5678938356164384 0.6136986301369863 0.041609589041095914 0.0547945205479452
3 0.5709760273972603 0.6520547945205479 0.041609589041095914 0.0547945205479452
3 0.6141267123287671 0.6986301369863013 0.041609589041095914 0.0547945205479452
3 0.5925513698630137 0.7397260273972601 0.041609589041095914 0.0547945205479452
3 0.6649828767123287 0.6767123287671233 0.041609589041095914 0.0547945205479452
3 0.7065924657534245 0.7013698630136986 0.041609589041095914 0.0547945205479452
3 0.7374143835616437 0.6684931506849314 0.041609589041095914 0.0547945205479452
3 0.4683450381708961 0.5620254754871877 0.02538310412923773 0.02979371416523277
3 0.511336819663009 0.5182132871846641 0.02592398695963332 0.039409408927813847
3 0.4970034246575342 0.6191780821917808 0.041609589041095914 0.0547945205479452
3 0.43777675472925226 0.4009018110811564 0.02592398695963332 0.039409408927813847
3 0.39504701112802576 0.6114855263817153 0.03457811224595784 0.03940940892781384
3 0.32806352206897343 0.5595069879661685 0.02862840111160979 0.03940940892781383
3 0.47617943568731647 0.5374446767098293 0.02592398695963332 0.039409408927813847
3 0.3324090306626593 0.5321711390349483 0.02862840111160979 0.03940940892781383
3 0.29898204148046054 0.5161261842274929 0.02862840111160979 0.03940940892781383
3 0.37151860800583164 0.554752927282478 0.02862840111160979 0.03940940892781383
0 0.48600937081764456 0.4907827141982944 0.021666828214775863 0.031877632315991986
0 0.4452906764140141 0.45757684720246944 0.021666828214775863 0.031877632315991986
5 0.4503338174640051 0.5053932956764575 0.020546130203666736 0.04515997911432208
1 0.5282223292360873 0.6129803047429307 0.01867830018515157 0.039847040394990214
1 0.5364407813175539 0.7092773190308236 0.01867830018515157 0.039847040394990214
1 0.7348043292838646 0.7554334741550204 0.027643884274022968 0.04183939241473955
1 0.5035669729916872 0.5664920909487756 0.01867830018515157 0.039847040394990214
1 0.6798901267395182 0.7225596658291537 0.01867830018515157 0.039847040394990214
3 0.7861696547930308 0.7215634898192789 0.058649862581376055 0.05113703517357067
3 0.8765726276891648 0.7554334741550204 0.07433963473690239 0.05113703517357069
3 0.846687347392922 0.6883576228234538 0.058649862581376055 0.05113703517357067
3 0.9094464360150315 0.6697623373057917 0.058649862581376055 0.05113703517357067
3 0.970675068709312 0.7215634898192789 0.058649862581376055 0.05113703517357067
3 0.7491866204264306 0.7401587753369409 0.058649862581376055 0.05113703517357067
3 0.970675068709312 0.6790599800646226 0.058649862581376055 0.05113703517357067
0 0.9593174975093877 0.791959927850428 0.07172467271098444 0.05113703517357067
3 0.9333546602520255 0.7335176019377758 0.058649862581376055 0.05113703517357067
0 0.7701063166338004 0.6866973294736625 0.04819001447769125 0.05977056059248511
0 0.8369746312966432 0.7172467271098213 0.04819001447769125 0.05977056059248511
3 0.5706771069131209 0.8088155071236913 0.05917279124779027 0.07889705499705327
3 0.3217520524098578 0.7011782387728311 0.06047807340766772 0.05337153720388868
3 0.28607434003986687 0.7460412700456653 0.06047807340766772 0.05337153720388868
3 0.22994720716512493 0.7499087727415993 0.06047807340766772 0.05337153720388868
3 0.16859894565087205 0.7793017932306975 0.06047807340766772 0.05337153720388868
3 0.21210835098012923 0.8075345629110157 0.07875202364595599 0.07116204960518512
3 0.11073143656295964 0.8005730580583341 0.032632053996943355 0.043316030194460925
3 0.15250046567904688 0.7468147705848521 0.048295439915475705 0.05337153720388861
3 0.07290831723817631 0.8530759200196075 0.06047807340766772 0.05337153720388868
3 0.3487278837139974 0.7336652614186765 0.06047807340766771 0.05337153720388868
0 0.19165094081991266 0.7345572461143438 0.04716085851659118 0.06986793854309808
0 0.02358042925829559 0.8704821447345527 0.04716085851659118 0.06986793854309808
0 0.14449008230332155 0.832372360074681 0.04716085851659118 0.06986793854309808
3 0.7389554794520546 0.9506849315068493 0.10941780821917817 0.09863013698630141
3 0.5070205479452055 0.9150684931506851 0.07705479452054796 0.10410958904109592
3 0.5121334219124567 0.8028210085830976 0.04863853289203249 0.08382150793184735
