5 0.5178082191780822 0.8054794520547945 0.05856164383561648 0.1260273972602741
5 0.4969076382574549 0.6932335443809723 0.05054827927777922 0.06258358386772671
3 0.46757158331945786 0.5143086828104204 0.02166354826190542 0.03530356013051247
3 0.500518229634439 0.5327628165150066 0.02437149179464356 0.030489438294533572
3 0.5039031590503618 0.5644557852685348 0.028433407093750845 0.028082377376543944
3 0.4903634413866709 0.6470982101195071 0.03655723769196534 0.03771062104850202
3 0.5235357496627135 0.6109922963496648 0.0352032659255962 0.029687084655203647
0 0.5456506218467418 0.5415887065476346 0.018955604729167276 0.0385129746878318
0 0.5018722014008081 0.5833110957927857 0.01715030904067497 0.0385129746878318
3 0.3444591284709867 0.7320086008500536 0.055648375169389155 0.03604442560497901
3 0.318576163275922 0.70746771533177 0.049609016623874104 0.028375398880515375
3 0.22604456270356546 0.7496473623163199 0.05090316488362738 0.032976814915193414
3 0.2161227593787907 0.802947098051342 0.08455101963721151 0.03834513362231817
3 0.15163103776775433 0.7473466542989808 0.04874625111737196 0.02530778819072978
3 0.17061187891080182 0.7772558585243888 0.07462921631243673 0.009969734741802795
3 0.11000260207902518 0.802947098051342 0.047452102857618694 0.030676106897854397
3 0.07549198181893885 0.8550964797776948 0.0767861300786921 0.047547965691674535
0 0.13976801205334968 0.8355404616303125 0.044863806338112246 0.06365292181304838
0 0.1891613373005982 0.7423617869280795 0.031490940987328776 0.03681132827742559
3 0.5849347676729552 0.7606346788691016 0.0448574824484335 0.06180364248450843
2 0.8044396431964157 0.7193614583090532 0.16941857599208202 0.09120501877412178
3 0.4488840467999556 0.6722182580372565 0.03971650514682651 0.04493180380247039
2 0.6132346242599681 0.6735071429173213 0.16941857599208202 0.09120501877412178
2 0.6073635088971718 0.5742269184722779 0.008971496489686643 0.003987331773194143
3 0.8991766448856834 0.7718816193517394 0.039842421859527945 0.05587287868775775
3 0.42695243032838526 0.6242311313986071 0.03971650514682651 0.044931803802470395
