2 0.7489726027397261 0.752054794520548 0.2065068493150685 0.11780821917808225
3 0.5771404109589041 0.6643835616438356 0.08784246575342472 0.08493150684931507
3 0.8668664383561645 0.689041095890411 0.08784246575342472 0.08493150684931507
3 0.9161815068493152 0.7356164383561645 0.08784246575342472 0.08493150684931507
3 0.2488869863013699 0.8698630136986302 0.08784246575342472 0.08493150684931507
3 0.30590753424657535 0.7712328767123288 0.08784246575342472 0.08493150684931507
3 0.32131849315068495 0.7109589041095891 0.08784246575342472 0.08493150684931507
3 0.17645547945205484 0.8315068493150685 0.08784246575342472 0.08493150684931507
3 0.07936643835616441 0.8534246575342465 0.08784246575342472 0.08493150684931507
3 0.1733732876712329 0.7931506849315068 0.08784246575342472 0.08493150684931507
3 0.9560787671232877 0.6479452054794521 0.08784246575342472 0.08493150684931507
3 0.5648116438356164 0.7739726027397259 0.08784246575342472 0.08493150684931507
