3 0.9077054794520548 0.6986301369863014 0.05239726027397268 0.06027397260273973
3 0.7505136986301371 0.7671232876712328 0.05239726027397268 0.06027397260273973
3 0.8907534246575343 0.7534246575342466 0.05239726027397268 0.06027397260273973
3 0.6426369863013699 0.7452054794520548 0.05239726027397268 0.06027397260273973
3 0.5979452054794521 0.7917808219178082 0.05239726027397268 0.06027397260273973
3 0.5455479452054794 0.8438356164383563 0.05239726027397268 0.06027397260273973
3 0.4422945205479452 0.7780821917808219 0.05239726027397268 0.06027397260273973
3 0.340582191780822 0.8273972602739725 0.05239726027397268 0.06027397260273973
3 0.46232876712328774 0.8575342465753425 0.05239726027397268 0.06027397260273973
3 0.5332191780821919 0.7808219178082192 0.05239726027397268 0.06027397260273973
3 0.31592465753424664 0.7123287671232876 0.05239726027397268 0.06027397260273973
3 0.22345890410958907 0.7589041095890411 0.05239726027397268 0.06027397260273973
3 0.302054794520548 0.7753424657534247 0.05239726027397268 0.06027397260273973
3 0.1618150684931507 0.7917808219178082 0.05239726027397268 0.06027397260273973
3 0.17722602739726032 0.8246575342465754 0.05239726027397268 0.06027397260273973
3 0.1556506849315068 0.7506849315068495 0.043150684931506825 0.06027397260273972
3 0.11558219178082195 0.8082191780821918 0.05239726027397268 0.06027397260273973
3 0.057791095890411 0.8575342465753425 0.03852739726027405 0.060273972602739756
3 0.7967465753424657 0.7013698630136986 0.05239726027397268 0.06027397260273972
0 0.9776541095890413 0.7054794520547947 0.04469178082191774 0.057534246575342396
0 0.10248287671232882 0.8589041095890412 0.04469178082191774 0.057534246575342396
0 0.1903253424657535 0.7356164383561642 0.04469178082191774 0.057534246575342396
0 0.02234589041095887 0.8698630136986302 0.04469178082191774 0.057534246575342396
0 0.7466609589041096 0.7219178082191781 0.04469178082191774 0.057534246575342396
1 0.7389554794520546 0.8082191780821918 0.04469178082191774 0.06027397260273973
1 0.9762842465753424 0.7890410958904109 0.04469178082191774 0.06027397260273972
2 0.05008561643835617 0.7589041095890411 0.09092465753424658 0.06575342465753423
0 0.2342465753424657 0.6054794520547945 0.018493150684931514 0.05479452054794514
3 0.0824486301369863 0.7 0.05702054794520548 0.03561643835616451
