3 0.8314212328767124 0.7123287671232876 0.08476027397260268 0.0547945205479452
3 0.9100171232876713 0.7506849315068493 0.08476027397260268 0.0547945205479452
3 0.729708904109589 0.7123287671232876 0.08476027397260268 0.0547945205479452
3 0.9576198630136986 0.7205479452054795 0.08476027397260268 0.0547945205479452
3 0.9377568493150684 0.6821917808219178 0.08476027397260268 0.0547945205479452
3 0.18107876712328774 0.832876712328767 0.08476027397260268 0.0547945205479452
3 0.7004280821917809 0.8136986301369862 0.08476027397260268 0.0547945205479452
3 0.04238013698630134 0.9698630136986301 0.08476027397260268 0.0547945205479452
3 0.31284246575342445 0.7136986301369862 0.043150684931506325 0.046575342465753365
3 0.725085616438356 0.7534246575342465 0.08476027397260268 0.05479452054794521
3 0.2804794520547943 0.5136986301369862 0.043150684931506325 0.046575342465753365
3 0.14948630136986282 0.7493150684931505 0.043150684931506325 0.046575342465753365
3 0.06010273972602718 0.8452054794520546 0.043150684931506325 0.046575342465753365
3 0.2203767123287669 0.7520547945205479 0.043150684931506325 0.046575342465753365
3 0.1078767123287669 0.8013698630136986 0.043150684931506325 0.046575342465753365
3 0.2989726027397258 0.7684931506849314 0.043150684931506325 0.046575342465753365
3 0.170291095890411 0.7835616438356163 0.08476027397260268 0.0547945205479452
3 0.48313356164383564 0.8054794520547945 0.08476027397260268 0.0547945205479452
0 0.5732876712328767 0.7643835616438356 0.03698630136986303 0.043835616438356206
0 0.10171232876712329 0.8547945205479454 0.03698630136986303 0.043835616438356206
0 0.18493150684931506 0.7424657534246576 0.03698630136986303 0.043835616438356206
0 0.018493150684931514 0.863013698630137 0.03698630136986303 0.043835616438356206
0 0.6041095890410959 0.7835616438356164 0.03698630136986303 0.043835616438356206
1 0.5124143835616439 0.5904109589041097 0.02928082191780831 0.05205479452054803
1 0.3906678082191781 0.8232876712328766 0.02928082191780831 0.05205479452054803
1 0.7898116438356163 0.8068493150684932 0.02928082191780831 0.05205479452054803
2 0.043150684931506825 0.7739726027397258 0.07089041095890403 0.06849315068493098
2 0.25582191780821917 0.8972602739726028 0.2712328767123287 0.10136986301369873
