5 0.5173487974590579 0.7907041572675609 0.04359979588041398 0.12382814656551161
5 0.4897001464129418 0.6900347098688816 0.04359979588041398 0.05671518163305876
2 0.7845878343113212 0.7227445789223716 0.17130923264509254 0.08749873974432293
2 0.6062968777467017 0.6615822140611033 0.17130923264509285 0.08749873974432283
3 0.34559273180969396 0.7324655820929451 0.05469813021448399 0.047989124344020556
3 0.3154022053926087 0.7135225066939896 0.051146303577179746 0.03536040741138351
3 0.22518580880508324 0.7514086574919007 0.05540849554194477 0.040411894184438496
3 0.2127544155745187 0.8044492686089759 0.08311274331291713 0.042937637570965845
3 0.07458835938338719 0.8593841872659468 0.08240237798545631 0.059354969583393855
3 0.15272854540407851 0.7450942990255822 0.04830484226733644 0.027783177251801447
3 0.11081699108388954 0.7987663459892892 0.049725572922258134 0.04420050926422944
3 0.1687117652719472 0.7804547064369658 0.06322251414401389 0.03283466402485615
3 0.18789162911338958 0.7406742480991592 0.039070093010345655 0.04925199603728438
0 0.14029715217351402 0.8334953175540412 0.03907009301034567 0.07829804498234935
3 0.4652452716465586 0.5071523941101012 0.0210045086471105 0.035876982090053744
3 0.479042350855935 0.5854960080618511 0.018945243093472258 0.04612754840149762
3 0.4826918457728147 0.6377316612334041 0.03624307374403386 0.0424666318616962
3 0.4962829984268274 0.5253415234615011 0.02141636175783809 0.03148388224229208
0 0.49998967642337633 0.5791569965965816 0.01812153687201693 0.032216065550252256
3 0.5840077110118185 0.7607384569707311 0.03871419240839977 0.05564593140498147
3 0.715800706444669 0.6684833601677357 0.05930684794478253 0.032216065550252464
3 0.8935359708769005 0.736576407808042 0.049834226398046584 0.051252831557219596
3 0.9742591805795214 0.6878862178286829 0.05148163884095723 0.04612754840149762
