3 0.7343321917808219 0.7506849315068493 0.0755136986301369 0.0547945205479452
3 0.8560787671232876 0.7863013698630137 0.0755136986301369 0.0547945205479452
3 0.951626712328767 0.6712328767123288 0.0755136986301369 0.0547945205479452
3 0.9622431506849314 0.7205479452054795 0.0755136986301369 0.0547945205479452
3 0.3105308219178082 0.7643835616438355 0.0755136986301369 0.0547945205479452
3 0.31515410958904105 0.7095890410958903 0.0755136986301369 0.0547945205479452
3 0.1795376712328767 0.8356164383561644 0.0755136986301369 0.0547945205479452
3 0.17029109589041092 0.7863013698630137 0.0755136986301369 0.0547945205479452
3 0.23193493150684927 0.7561643835616438 0.0755136986301369 0.0547945205479452
3 0.1517979452054794 0.7397260273972591 0.04160958904109579 0.05479452054794518
3 0.6495719178082191 0.7342465753424656 0.0755136986301369 0.05479452054794521
3 0.11327054794520543 0.8027397260273962 0.04160958904109579 0.05479452054794518
0 0.8476027397260273 0.7109589041095891 0.04623287671232873 0.06849315068493154
0 0.10325342465753423 0.8561643835616438 0.04623287671232873 0.06849315068493154
0 0.186472602739726 0.7301369863013698 0.04623287671232873 0.06849315068493154
0 0.023116438356164365 0.8753424657534247 0.04623287671232873 0.06849315068493154
0 0.8183219178082192 0.7493150684931507 0.04623287671232873 0.06849315068493154
2 0.057020547945205474 0.767123287671232 0.11404109589041095 0.10410958904109585
2 0.48082191780821915 0.7972602739726028 0.21267123287671233 0.10410958904109593
1 0.9030821917808219 0.7534246575342466 0.040068493150684927 0.043835616438356206
1 0.7597602739726028 0.7972602739726028 0.040068493150684927 0.043835616438356206
1 0.782876712328767 0.7616438356164384 0.040068493150684927 0.043835616438356206
1 0.47311643835616435 0.6273972602739726 0.040068493150684927 0.043835616438356206
1 0.9554794520547943 0.7643835616438355 0.040068493150684927 0.0438356164383562
3 0.05470890410958899 0.8602739726027386 0.04160958904109579 0.05479452054794518
