2 0.8532541491743797 0.7400247950505158 0.17515620753609304 0.09126166857179839
2 0.637106171485193 0.6826871116146407 0.17515620753609304 0.09126166857179839
3 0.4719042235413131 0.5477257654532267 0.023764960897763886 0.03923104656138804
3 0.4438955196260913 0.5879627362854197 0.03338411173733512 0.039231046561388185
3 0.5100979106984337 0.5542642732134581 0.02546245810474723 0.04426066791541231
0 0.5245266369577906 0.6166315780033571 0.030554949725696615 0.04224881937380261
5 0.5250924693601181 0.717726967219242 0.027159955311730145 0.05934953197748471
3 0.5887486146219859 0.7670172564886784 0.0345157765419907 0.06136138051909427
3 0.3459238238841249 0.7341777129954827 0.05924702196586641 0.05804959832260203
3 0.31233948608489787 0.7056558759695841 0.054319910623460504 0.04325474364460732
3 0.21218715087289275 0.8072542273208704 0.08261153073984637 0.05532583489426361
3 0.22605004472992157 0.754443203103618 0.05828073743975452 0.04224881937380246
3 0.15334058103081039 0.7479046953433869 0.0497932514048388 0.03319550093655934
3 0.110620234655068 0.8012186816960423 0.05149074861182193 0.03520734947816877
3 0.16607181008318392 0.7821061205507508 0.05714907263509906 0.019112561145291806
3 0.07808487152122447 0.8571587535457149 0.07242654749794733 0.048284364998631445
0 0.1400435195761091 0.8370402681296185 0.042437430174578544 0.0663910018731184
0 0.19096843578560338 0.7399685759969532 0.02772578771405801 0.04526659218621702
3 0.4760881203331233 0.646706835077894 0.05247287022866622 0.045070330483548415
3 0.751194219046579 0.6739987518428688 0.053866079218938975 0.03554798493909786
3 0.9134878121635223 0.6757744483830536 0.05223377378806205 0.041351737582215976
3 0.9689773114043237 0.7983787229689214 0.06080337730016609 0.0747233152801445
