3 0.4322773972602739 0.8287671232876712 0.06934931506849316 0.07397260273972606
3 0.44922945205479453 0.8616438356164383 0.06934931506849316 0.07397260273972606
3 0.578681506849315 0.7410958904109589 0.06934931506849316 0.07397260273972606
3 0.7019691780821917 0.7383561643835617 0.06934931506849316 0.07397260273972606
3 0.8961472602739726 0.7 0.06934931506849316 0.07397260273972606
3 0.30898972602739727 0.7712328767123288 0.06934931506849316 0.07397260273972606
3 0.31669520547945207 0.7 0.06934931506849316 0.07397260273972606
3 0.18878424657534246 0.8835616438356163 0.06934931506849316 0.07397260273972606
3 0.1918664383561644 0.8397260273972603 0.06934931506849316 0.07397260273972606
3 0.22731164383561644 0.7630136986301369 0.06934931506849316 0.07397260273972606
3 0.1718321917808219 0.7931506849315068 0.06934931506849316 0.07397260273972606
3 0.1564212328767124 0.7465753424657516 0.04469178082191787 0.06301369863013696
3 0.9845890410958904 0.7739726027397247 0.030821917808219145 0.07397260273972597
3 0.390667808219178 0.8013698630136986 0.06934931506849316 0.07397260273972606
3 0.05856164383561643 0.8561643835616424 0.030821917808219145 0.07397260273972597
0 0.7428082191780822 0.7616438356164383 0.0523972602739726 0.06575342465753423
0 0.9539383561643835 0.6931506849315068 0.0523972602739726 0.06575342465753423
0 0.19571917808219175 0.7424657534246575 0.0523972602739726 0.06575342465753423
0 0.10017123287671233 0.8657534246575344 0.0523972602739726 0.06575342465753423
0 0.0261986301369863 0.8712328767123287 0.0523972602739726 0.06575342465753423
0 0.9869006849315055 0.7191780821917806 0.026198630136985594 0.04657534246575324
0 0.4977739726027397 0.7917808219178082 0.0523972602739726 0.06575342465753423
3 0.11249999999999999 0.8041095890410945 0.030821917808219145 0.07397260273972597
1 0.8653253424657535 0.7643835616438356 0.038527397260274085 0.06027397260273973
1 0.8175513698630138 0.7150684931506849 0.038527397260274085 0.06027397260273973
1 0.7836472602739727 0.7452054794520548 0.038527397260274085 0.06027397260273973
1 0.8468321917808219 0.736986301369863 0.038527397260274085 0.06027397260273973
1 0.2689212328767124 0.5616438356164384 0.038527397260274085 0.06027397260273973
1 0.951626712328767 0.7945205479452055 0.038527397260274085 0.06027397260273973
1 0.8360445205479452 0.7863013698630137 0.038527397260274085 0.06027397260273972
2 0.0523972602739726 0.7753424657534247 0.08013698630136985 0.07123287671232874
