3 0.4322773972602739 0.4178082191780822 0.016952054794520492 0.041095890410958874
3 0.43921232876712324 0.6438356164383562 0.04623287671232873 0.05479452054794514
3 0.35291095890410956 0.5465753424657536 0.04006849315068489 0.057534246575342465
3 0.3590753424657534 0.5876712328767124 0.04006849315068489 0.057534246575342465
3 0.4006849315068493 0.5767123287671234 0.04006849315068489 0.057534246575342465
3 0.4946917808219177 0.5794520547945206 0.04006849315068489 0.057534246575342465
3 0.5378424657534246 0.6534246575342466 0.04006849315068489 0.057534246575342465
3 0.6226027397260274 0.6726027397260276 0.04006849315068489 0.057534246575342465
3 0.31900684931506845 0.5273972602739727 0.04006849315068489 0.057534246575342465
3 0.5886986301369863 0.6369863013698632 0.04006849315068489 0.057534246575342465
3 0.7119863013698629 0.6780821917808221 0.04006849315068489 0.057534246575342465
3 0.6796232876712327 0.7246575342465755 0.04006849315068489 0.057534246575342465
3 0.7613013698630136 0.6726027397260276 0.04006849315068489 0.057534246575342465
3 0.7489726027397259 0.7054794520547947 0.04006849315068489 0.057534246575342465
3 0.809845890410959 0.7493150684931505 0.0570205479452051 0.057534246575342465
3 0.8321917808219177 0.7273972602739728 0.04006849315068489 0.057534246575342465
3 0.926198630136986 0.7616438356164383 0.077054794520548 0.07123287671232906
3 0.5902397260273973 0.7684931506849317 0.04006849315068489 0.057534246575342465
3 0.5470890410958904 0.834246575342466 0.05547945205479445 0.09041095890410945
3 0.9738013698630134 0.689041095890411 0.05239726027397222 0.057534246575342465
3 0.9799657534246574 0.8068493150684936 0.04006849315068489 0.057534246575342465
3 0.9799657534246574 0.7493150684931509 0.04006849315068489 0.057534246575342465
3 0.5332191780821918 0.7027397260273974 0.04006849315068489 0.057534246575342465
3 0.3143835616438356 0.7068493150684931 0.05547945205479451 0.07123287671232874
3 0.28664383561643825 0.7397260273972602 0.05547945205479451 0.07123287671232874
3 0.22654109589041088 0.7561643835616438 0.05547945205479451 0.07123287671232874
3 0.16181506849315064 0.7890410958904109 0.05547945205479451 0.07123287671232874
3 0.15102739726027395 0.7534246575342466 0.05547945205479451 0.07123287671232874
3 0.10941780821917803 0.7972602739726027 0.05547945205479451 0.07123287671232874
3 0.07243150684931501 0.8465753424657534 0.05547945205479451 0.07123287671232874
3 0.21652397260273964 0.8082191780821912 0.08476027397260279 0.08767123287671144
3 0.7520547945205478 0.9643835616438351 0.08630136986301373 0.07123287671232864
3 0.3436643835616438 0.7342465753424657 0.05547945205479451 0.07123287671232874
1 0.8314212328767124 0.7821917808219178 0.03544520547945211 0.05205479452054803
1 0.5355308219178082 0.5958904109589042 0.03544520547945211 0.05205479452054803
1 0.5709760273972603 0.7246575342465755 0.03544520547945211 0.05205479452054803
1 0.3968321917808219 0.6232876712328768 0.03544520547945211 0.05205479452054803
1 0.732791095890411 0.7465753424657535 0.03544520547945211 0.05205479452054803
0 0.9030821917808219 0.7315068493150685 0.03698630136986296 0.06027397260273973
0 0.4669520547945205 0.4904109589041095 0.03698630136986296 0.06027397260273973
0 0.5101027397260274 0.5013698630136986 0.03698630136986296 0.06027397260273973
0 0.19109589041095887 0.7424657534246575 0.03698630136986296 0.06027397260273973
0 0.13561643835616435 0.8301369863013699 0.03698630136986296 0.06027397260273973
0 0.01849315068493148 0.8767123287671232 0.03698630136986296 0.06027397260273973
0 0.8121575342465752 0.6904109589041095 0.03698630136986296 0.06027397260273973
