2 0.046232876712328806 0.9520547945205479 0.09246575342465761 0.09589041095890369
2 0.05162671232876716 0.767123287671233 0.10325342465753432 0.07671232876712333
2 0.7058219178082191 0.7534246575342465 0.2157534246575343 0.1534246575342466
3 0.5440068493150685 0.645205479452055 0.07397260273972606 0.07397260273972606
3 0.188013698630137 0.8863013698630138 0.07397260273972606 0.07397260273972606
3 0.9 0.7410958904109589 0.07397260273972606 0.07397260273972606
3 0.8460616438356163 0.7 0.07397260273972606 0.07397260273972606
3 0.2974315068493151 0.7767123287671234 0.07397260273972606 0.07397260273972606
3 0.9630136986301369 0.6616438356164384 0.07397260273972606 0.07397260273972606
3 0.3190068493150685 0.7164383561643837 0.07397260273972606 0.07397260273972606
3 0.18030821917808218 0.8397260273972603 0.07397260273972606 0.07397260273972606
3 0.1679794520547945 0.7904109589041096 0.07397260273972606 0.07397260273972606
3 0.225 0.7602739726027398 0.07397260273972606 0.07397260273972606
3 0.11095890410958904 0.8041095890410958 0.07397260273972606 0.07397260273972606
3 0.5301369863013699 0.7794520547945205 0.07397260273972606 0.07397260273972606
