3 0.4461472602739726 0.6287671232876711 0.041609589041095914 0.04657534246575344
3 0.4892979452054794 0.6808219178082191 0.041609589041095914 0.04657534246575344
3 0.5216609589041096 0.6534246575342466 0.041609589041095914 0.04657534246575344
3 0.7089041095890407 0.6712328767123289 0.05239726027397314 0.054794520547945084
3 0.42611301369863014 0.595890410958904 0.041609589041095914 0.04657534246575345
3 0.7150684931506845 0.7123287671232877 0.05239726027397314 0.054794520547945084
3 0.6657534246575338 0.734246575342466 0.05239726027397314 0.054794520547945084
3 0.5779109589041092 0.6356164383561645 0.05239726027397314 0.054794520547945084
3 0.6010273972602734 0.6630136986301371 0.05239726027397314 0.054794520547945084
3 0.9738013698630134 0.7506849315068495 0.05239726027397314 0.054794520547945084
3 0.9738013698630134 0.6876712328767124 0.05239726027397314 0.054794520547945084
3 0.8815068493150681 0.7397260273972605 0.05239726027397314 0.054794520547945084
3 0.8892123287671229 0.7205479452054796 0.05239726027397314 0.054794520547945084
3 0.9061643835616434 0.7068493150684932 0.05239726027397314 0.054794520547945084
3 0.9107876712328763 0.7808219178082194 0.05239726027397314 0.054794520547945084
3 0.7982876712328764 0.7123287671232877 0.05239726027397314 0.054794520547945084
3 0.44614726027397267 0.45890410958904104 0.02311643835616457 0.046575342465753344
3 0.5424657534246574 0.7876712328767124 0.03698630136986303 0.07945205479452057
3 0.49854452054794524 0.5575342465753425 0.02311643835616457 0.046575342465753344
3 0.3236301369863014 0.7109589041095893 0.0647260273972602 0.06301369863013656
3 0.21267123287671236 0.8041095890410962 0.0647260273972602 0.06301369863013656
3 0.23424657534246582 0.7547945205479455 0.0647260273972602 0.06301369863013656
3 0.1679794520547946 0.782191780821918 0.0647260273972602 0.06301369863013656
3 0.15102739726027398 0.7493150684931511 0.04006849315068479 0.06301369863013655
3 0.07551369863013704 0.8479452054794523 0.0647260273972602 0.06301369863013656
3 0.11018835616438363 0.7972602739726028 0.04777397260273966 0.038356164383560716
3 0.33595890410958906 0.7438356164383565 0.0647260273972602 0.06301369863013656
0 0.18647260273972602 0.7356164383561642 0.049315068493150684 0.057534246575342396
0 0.024657534246575342 0.8698630136986302 0.049315068493150684 0.057534246575342396
0 0.1417808219178082 0.8369863013698631 0.049315068493150684 0.057534246575342396
1 0.5725171232876712 0.6986301369863014 0.03236301369863014 0.06575342465753423
1 0.6464897260273973 0.6931506849315068 0.03236301369863014 0.06575342465753423
1 0.46309931506849317 0.5232876712328767 0.03236301369863014 0.06575342465753423
1 0.3498287671232876 0.5 0.02773972602739714 0.05205479452054785
1 0.5987157534246575 0.7863013698630138 0.03236301369863014 0.06575342465753423
1 0.30205479452054784 0.5246575342465754 0.02773972602739714 0.05205479452054785
1 0.28510273972602723 0.5246575342465754 0.02773972602739714 0.05205479452054785
1 0.33441780821917805 0.5465753424657533 0.02773972602739714 0.05205479452054785
5 0.5262842465753423 0.5972602739726027 0.06010273972602746 0.049315068493150704
5 0.7882705479452053 0.6712328767123288 0.06010273972602746 0.049315068493150704
0 0.49542540233324006 0.528195746422847 0.020111430854289337 0.032436305432805665
0 0.5203055229777217 0.5554717305367971 0.020111430854289337 0.032436305432805665
3 0.9862157534246575 0.8031963400644798 0.02756849315068493 0.05388129247378003
