2 0.044691780821917805 0.7726027397260267 0.08938356164383561 0.07123287671232743
2 0.3991438356164383 0.8178082191780822 0.21267123287671233 0.07945205479452057
3 0.7874999999999999 0.810958904109589 0.058561643835616406 0.06027397260273973
3 0.8845890410958904 0.7397260273972602 0.058561643835616406 0.06027397260273973
3 0.8738013698630137 0.6904109589041095 0.058561643835616406 0.06027397260273973
3 0.9631849315068491 0.673972602739726 0.058561643835616406 0.06027397260273973
3 0.06010273972602736 0.8616438356164384 0.03698630136986314 0.04109589041095906
3 0.300513698630137 0.7589041095890411 0.058561643835616406 0.06027397260273973
3 0.31284246575342467 0.7123287671232876 0.058561643835616406 0.06027397260273973
3 0.17414383561643834 0.8273972602739725 0.058561643835616406 0.06027397260273973
3 0.22191780821917806 0.7589041095890411 0.058561643835616406 0.06027397260273973
3 0.1648972602739726 0.7917808219178082 0.058561643835616406 0.06027397260273973
3 0.1525684931506849 0.7424657534246575 0.058561643835616406 0.06027397260273973
3 0.3236301369863014 0.5315068493150685 0.058561643835616406 0.06027397260273973
3 0.5316780821917808 0.7698630136986302 0.058561643835616406 0.06027397260273972
0 0.7404965753424658 0.7232876712328766 0.0508561643835617 0.0547945205479452
0 0.1055650684931507 0.8630136986301369 0.0508561643835617 0.0547945205479452
0 0.013869863013698656 0.8739726027397262 0.027739726027397313 0.0547945205479452
0 0.1918664383561644 0.7315068493150685 0.0508561643835617 0.0547945205479452
0 0.7389554794520548 0.7753424657534248 0.05085616438356169 0.05479452054794521
3 0.6303082191780822 0.7698630136986302 0.058561643835616406 0.06027397260273973
3 0.10941780821917804 0.8068493150684932 0.03698630136986314 0.04109589041095906
1 0.8229452054794522 0.7684931506849315 0.040068493150684927 0.057534246575342535
1 0.5794520547945206 0.7849315068493151 0.040068493150684927 0.057534246575342535
1 0.48852739726027394 0.6123287671232878 0.040068493150684927 0.057534246575342535
1 0.8938356164383561 0.7904109589041096 0.040068493150684927 0.057534246575342535
