3 0.7882705479452055 0.7506849315068493 0.08476027397260281 0.06575342465753423
3 0.7821061643835617 0.7041095890410958 0.08476027397260281 0.06575342465753423
3 0.8869006849315069 0.7013698630136986 0.08476027397260281 0.06575342465753423
3 0.9699486301369862 0.6767123287671231 0.06010273972602728 0.06575342465753423
3 0.13330479452054797 0.9178082191780823 0.08476027397260281 0.06575342465753423
3 0.73125 0.810958904109589 0.08476027397260281 0.06575342465753423
3 0.29494863013698625 0.7753424657534245 0.06010273972602728 0.06575342465753423
3 0.3149828767123287 0.7123287671232873 0.06010273972602728 0.06575342465753423
3 0.1732020547945205 0.8410958904109586 0.06010273972602728 0.06575342465753423
3 0.1639554794520548 0.7917808219178079 0.06010273972602728 0.06575342465753423
3 0.22405821917808214 0.7671232876712324 0.06010273972602728 0.06575342465753423
3 0.5415239726027398 0.7917808219178079 0.06010273972602728 0.06575342465753423
3 0.1115582191780819 0.8041095890410958 0.02928082191780758 0.041095890410959485
3 0.9699486301369862 0.728767123287671 0.06010273972602728 0.06575342465753423
3 0.5908390410958905 0.8164383561643831 0.06010273972602728 0.06575342465753423
3 0.15162671232876682 0.7465753424657534 0.02928082191780758 0.041095890410959485
3 0.06224315068493123 0.8643835616438355 0.02928082191780758 0.041095890410959485
3 0.29340753424657506 0.5164383561643836 0.02928082191780758 0.041095890410959485
0 0.636472602739726 0.7465753424657535 0.03698630136986289 0.046575342465753525
0 0.10479452054794523 0.8479452054794521 0.03698630136986289 0.046575342465753525
0 0.19263698630136986 0.7383561643835617 0.03698630136986289 0.046575342465753525
0 0.018493150684931445 0.8726027397260274 0.03698630136986289 0.046575342465753525
0 0.6580479452054795 0.7849315068493151 0.03698630136986289 0.046575342465753525
1 0.4546232876712329 0.8095890410958905 0.0431506849315069 0.04657534246575338
1 0.5101027397260274 0.5986301369863013 0.0431506849315069 0.04657534246575338
1 0.8260273972602741 0.8041095890410958 0.0431506849315069 0.04657534246575338
2 0.040839041095890406 0.7712328767123289 0.08167808219178081 0.07945205479452079
2 0.31746575342465755 0.8630136986301369 0.2095890410958904 0.08767123287671225
