2 0.39443493150684944 0.818264833215165 0.14469178082191775 0.09132418697827475
2 0.05385273972602735 0.7744292167768085 0.1077054794520547 0.09680363903306852
2 0.9276541095890412 0.7196346962288636 0.14469178082191775 0.09132418697827475
3 0.5502038051299452 0.7486027822692212 0.07073988494571253 0.06431346875833327
3 0.7898116438356163 0.7246575342465753 0.07243150684931507 0.09589041095890423
3 0.6379885779873372 0.7990888980050628 0.07073988494571253 0.06431346875833327
3 0.3175083099702524 0.7149285200369105 0.07073988494571253 0.06431346875833327
3 0.5639801197047501 0.7885632506048726 0.07073988494571253 0.06431346875833327
3 0.17557973565194807 0.8368026165584567 0.07073988494571253 0.06431346875833327
3 0.0738196257633525 0.8596540096562465 0.07073988494571253 0.06431346875833327
3 0.1723662584975714 0.7920519717419515 0.07073988494571253 0.06431346875833327
3 0.22967326775062258 0.761583447611565 0.07073988494571253 0.06431346875833327
3 0.11613040829597908 0.8034776682908464 0.07073988494571253 0.06431346875833327
3 0.1461228617368283 0.7530141751998939 0.07073988494571253 0.06431346875833327
3 0.2982274470439922 0.7692005786441615 0.07073988494571253 0.06431346875833327
0 0.19168920131448494 0.7347746065268691 0.03496036237820977 0.03557726841683163
1 0.6453549935139589 0.7261065108215754 0.061926247356056334 0.06432289363325708
