2 0.057791095890410385 0.7767123287671229 0.11558219178082077 0.09589041095890417
2 0.43767123287671234 0.815068493150685 0.2095890410958904 0.09589041095890423
2 0.9422089041095896 0.7136986301369859 0.11558219178082077 0.09589041095890417
3 0.5886273943193447 0.7418029308510055 0.06150704410164714 0.05559958788849457
3 0.679845468198906 0.7881359207580845 0.06150704410164714 0.05559958788849457
3 0.8164119559500206 0.7177097760993246 0.06150704410164714 0.05559958788849457
3 0.6016585477307106 0.7807226423729517 0.06150704410164714 0.05559958788849457
3 0.17697868304001116 0.8321612779984924 0.06150704410164714 0.05559958788849457
3 0.30298259893725166 0.7641295341066487 0.06150704410164714 0.05559958788849457
3 0.31978312105688383 0.704394344347957 0.06150704410164714 0.05559958788849457
3 0.23018033641884605 0.7608109124533879 0.06150704410164714 0.05559958788849457
3 0.17044514666015423 0.7890191965061036 0.06150704410164714 0.05559958788849457
3 0.0715087386223209 0.8620288728778381 0.06150704410164714 0.05559958788849457
3 0.15177789986056303 0.7458771150137151 0.06150704410164714 0.05559958788849457
3 0.1153767686013602 0.805612304772407 0.06150704410164714 0.05559958788849457
3 0.29364897553745606 0.8421171429582741 0.06150704410164714 0.05559958788849457
1 0.38065068493150667 0.6904109589041095 0.05239726027397268 0.06575342465753423
1 0.9534760500207211 0.7750024016662761 0.05239726027397268 0.06575342465753423
1 0.6965753424657533 0.7178082191780822 0.05239726027397268 0.06575342465753423
