3 0.7485378802742787 0.7319037051570728 0.06831316577260417 0.0736425616839422
3 0.6903990157869561 0.8042542920746297 0.06831316577260417 0.0736425616839422
3 0.6213591142082605 0.7952104687099351 0.06831316577260417 0.0736425616839422
3 0.4709248023473133 0.8611011817955674 0.06831316577260417 0.0736425616839422
3 0.4709248023473134 0.8300937874023288 0.06831316577260417 0.0736425616839422
3 0.463657444286398 0.7900425696443952 0.06831316577260417 0.0736425616839422
3 0.3194003867772287 0.707356184595759 0.04869129900813284 0.052970965421783284
3 0.6286264722691758 0.7267358060915328 0.06831316577260417 0.0736425616839422
3 0.30268546323712353 0.7629110995503116 0.04869129900813284 0.052970965421783284
3 0.2612615222899062 0.8468894593653331 0.04869129900813284 0.052970965421783284
3 0.3513767622452562 0.8378456360006387 0.04869129900813284 0.052970965421783284
3 0.2271049394036041 0.7577432004847718 0.04869129900813284 0.052970965421783284
3 0.1813205836198376 0.827509837869559 0.04869129900813284 0.052970965421783284
3 0.17041954652846455 0.7861666453452406 0.04869129900813284 0.052970965421783284
3 0.15370462298835935 0.7512833266528471 0.04869129900813284 0.052970965421783284
3 0.11736783268378272 0.802962317308245 0.04869129900813284 0.052970965421783284
3 0.06576959045128387 0.8481814341317182 0.04869129900813284 0.052970965421783284
3 0.05579525024957274 0.9466708040656817 0.08259540859717396 0.07378167953986887
3 0.9326788118934083 0.7116079127600637 0.04869129900813284 0.052970965421783284
3 0.1682952502495727 0.6458544881025295 0.04869129900813284 0.052970965421783284
3 0.1436377160029974 0.6458544881025295 0.04869129900813284 0.052970965421783284
3 0.08353497627696999 0.7006490086504747 0.04869129900813284 0.052970965421783284
0 0.7944349315068493 0.7452054794520548 0.05393835616438359 0.06027397260273973
0 0.9730308219178082 0.7068493150684931 0.05393835616438359 0.06027397260273973
0 0.09785958904109592 0.8657534246575342 0.05393835616438359 0.06027397260273973
0 0.18724315068493153 0.7397260273972602 0.05393835616438359 0.06027397260273973
0 0.026969178082191795 0.8712328767123287 0.05393835616438359 0.06027397260273973
0 0.5524828767123288 0.7753424657534247 0.05393835616438359 0.06027397260273973
1 0.8807363013698628 0.7602739726027398 0.04777397260273958 0.07397260273972606
1 0.8714897260273972 0.7054794520547947 0.04777397260273958 0.07397260273972606
1 0.8329623287671231 0.7301369863013698 0.04777397260273958 0.07397260273972606
1 0.8761130136986301 0.7986301369863014 0.04777397260273958 0.07397260273972606
2 0.037756849315068494 0.7698630136986302 0.06934931506849315 0.0876712328767124
