3 0.2846497139688436 0.7447222549388952 0.0503462079128562 0.043604692893186525
3 0.3466142775538983 0.7320998438382358 0.06454642040109838 0.04360469289318658
3 0.22591247140384407 0.7504597145301041 0.0503462079128562 0.043604692893186525
3 0.2123577231196131 0.807834310442191 0.08520127492945007 0.06196456358505387
3 0.11037437888587791 0.8066868185239496 0.0503462079128562 0.043604692893186525
3 0.16846615724686648 0.7848844720773565 0.0503462079128562 0.043604692893186525
3 0.1523295521465919 0.7435747630206536 0.0503462079128562 0.043604692893186525
3 0.07519657976727913 0.8583239548448275 0.0729374550532407 0.07114449893098664
3 0.3169229241693928 0.7114449893098846 0.0503462079128562 0.043604692893186525
0 0.1907346722852456 0.7326735897973573 0.03679145962862572 0.05163713632087935
0 0.13845207176035604 0.8342266245617518 0.04195517326071396 0.07343948276747213
3 0.3042500492850147 0.5185004702232797 0.027417499516693377 0.0362442158853154
3 0.4539917774146472 0.5128763677583167 0.02179339705173025 0.03624421588531495
3 0.2856202098698257 0.527873974331551 0.027417499516693377 0.0362442158853154
3 0.43993152125224033 0.48475585543350297 0.02179339705173025 0.03624421588531495
3 0.4336044059791573 0.46038474475199775 0.02179339705173025 0.03624421588531495
3 0.46980956559735476 0.5466209825480931 0.02179339705173025 0.03624421588531495
3 0.4933604946693863 0.5372474784398219 0.02179339705173025 0.03624421588531495
3 0.46945805919329464 0.5959881041849882 0.02179339705173025 0.03624421588531495
3 0.5306201734997645 0.5934885030894492 0.02179339705173025 0.03624421588531495
5 0.6221875917574355 0.7025336008823365 0.05448349262932919 0.04936712163689566
3 0.4357134444035183 0.5491205836436321 0.02179339705173025 0.03624421588531495
3 0.5307959267017923 0.6269206677422821 0.03690817242631785 0.0418683183502784
5 0.5073994942608571 0.5733460012892568 0.022847916263911045 0.04936712163689506
3 0.5755917366485299 0.7867494448208984 0.04393830050752122 0.06748922957955288
3 0.5291928913125872 0.7573791319483152 0.04393830050752122 0.06748922957955288
3 0.5699676341835671 0.7192602152413456 0.04393830050752122 0.06748922957955288
3 0.5530953267886788 0.6748922957955282 0.04393830050752122 0.06748922957955288
3 0.8054769249038781 0.7430064256489619 0.0692467615998556 0.05749082519739623
3 0.503884430220255 0.809870754954634 0.04393830050752122 0.06748922957955288
3 0.7900106431252305 0.7105116114069548 0.0692467615998556 0.05749082519739623
3 0.8789417633524507 0.7380072234578776 0.052374454204961084 0.05749082519739583
3 0.7225214135456778 0.7242594174324195 0.0692467615998556 0.05749082519739623
3 0.8395730460977114 0.6973887056553691 0.052374454204961084 0.05749082519739583
3 0.6690924401285284 0.6986385062031387 0.052374454204961084 0.05749082519739583
3 0.87753573773621 0.7573791319483051 0.052374454204961084 0.05749082519739583
3 0.9428003499389093 0.7021478104746592 0.0669905811526291 0.03501577644385847
3 0.9783568891660738 0.6841309704153763 0.04328622166785223 0.052727246332643744
2 0.9531311617452138 0.7775742425872474 0.09373767650957233 0.11624424179587649
