3 0.670376712328767 0.7356164383561645 0.06472602739726013 0.06301369863013705
3 0.5440068493150684 0.7520547945205479 0.06472602739726013 0.06301369863013705
3 0.597945205479452 0.8260273972602741 0.06472602739726013 0.06301369863013705
3 0.5686643835616437 0.7958904109589042 0.06472602739726013 0.06301369863013705
3 0.4222602739726027 0.8232876712328766 0.06472602739726013 0.06301369863013705
3 0.3513698630136986 0.8178082191780822 0.06472602739726013 0.06301369863013705
3 0.3005136986301369 0.7657534246575344 0.06472602739726013 0.06301369863013705
3 0.3190068493150684 0.7109589041095891 0.06472602739726013 0.06301369863013705
3 0.13561643835616433 0.9136986301369865 0.06472602739726013 0.06301369863013705
3 0.20496575342465748 0.9136986301369865 0.06472602739726013 0.06301369863013705
3 0.19880136986301364 0.8260273972602741 0.06472602739726013 0.06301369863013705
3 0.22962328767123283 0.7547945205479454 0.06472602739726013 0.06301369863013705
3 0.16797945205479445 0.7986301369863014 0.06472602739726013 0.06301369863013705
3 0.15488013698630124 0.7493150684931504 0.04160958904109571 0.06301369863013705
3 0.061643835616438034 0.8506849315068488 0.03390410958904045 0.063013698630137
3 0.8676369863013699 0.7027397260273972 0.06472602739726013 0.06301369863013705
3 0.11095890410958871 0.8013698630136981 0.03390410958904045 0.063013698630137
0 0.46926369863013695 0.8027397260273973 0.04777397260273972 0.043835616438356206
0 0.9732020547945204 0.7260273972602741 0.04777397260273972 0.043835616438356206
0 0.9439212328767123 0.6986301369863014 0.04777397260273972 0.043835616438356206
0 0.09940068493150685 0.8547945205479454 0.04777397260273972 0.043835616438356206
0 0.19032534246575342 0.7397260273972605 0.04777397260273972 0.043835616438356206
0 0.02388698630136986 0.8657534246575345 0.04777397260273972 0.043835616438356206
0 0.7050513698630136 0.7643835616438355 0.04777397260273972 0.0438356164383562
1 0.7790239726027397 0.7205479452054795 0.038527397260274085 0.0547945205479452
1 0.8129280821917808 0.726027397260274 0.038527397260274085 0.0547945205479452
1 0.808304794520548 0.7726027397260273 0.038527397260274085 0.0547945205479452
1 0.845291095890411 0.7671232876712328 0.038527397260274085 0.0547945205479452
1 0.9238869863013699 0.7863013698630137 0.038527397260274085 0.0547945205479452
1 0.9747431506849316 0.663013698630137 0.038527397260274085 0.0547945205479452
1 0.980736301369863 0.8082191780821917 0.038527397260274085 0.0547945205479452
1 0.7451198630136986 0.7479452054794521 0.038527397260274085 0.05479452054794521
