3 0.5077227247551247 0.632890479816284 0.026972769752616158 0.043015397513975914
3 0.5009795323169712 0.7097540589806032 0.03966583787149321 0.043015397513973014
3 0.5093093582699844 0.580002695987625 0.026972769752616158 0.043015397513975914
3 0.5928059469894803 0.6963558204106763 0.054342197883945564 0.043015397513973
3 0.5315222274780216 0.6716748546239687 0.03966583787149321 0.043015397513973014
2 0.7253685331563956 0.7351320050991184 0.20158697952327387 0.12864810089234566
2 0.9527092211088898 0.7828645307020036 0.09458155778221969 0.13528470148197352
3 0.9698481013533565 0.6868889672644889 0.06030379729328701 0.05972947541430315
3 0.8744050607526621 0.7573391177531542 0.060303797293287005 0.05972947541430315
3 0.5874181092489141 0.7946622824137822 0.042030212995203466 0.061309028642570096
3 0.5475432917919281 0.7343112073437505 0.03340863084234009 0.05747721435241346
3 0.4799177567804168 0.831543494956583 0.037180573034217304 0.07759423937575803
3 0.39744855970315796 0.5921563436634141 0.04518178597401551 0.04912970902028853
3 0.34741722807204134 0.7334363703743084 0.05176165771780517 0.04601036241582584
3 0.22371563928881408 0.7521524500010847 0.0526389739503092 0.03821199590466904
3 0.2123105282662472 0.8067410155791842 0.08159040962297896 0.06160709543814166
3 0.31583384370185513 0.7123807807941844 0.0526389739503092 0.03821199590466904
3 0.1504597338746339 0.749033103396622 0.04737507655527839 0.038211995904669005
3 0.28425045933166965 0.7459137567921591 0.0526389739503092 0.03821199590466904
3 0.07347523447230658 0.8543110512972405 0.0750105378791906 0.0616070954381395
3 0.10966452906314415 0.8020619956724891 0.04737507655527826 0.038211995904668894
3 0.1669094132341054 0.7852955076735018 0.06185079439161331 0.04211117916024719
0 0.1405899262589508 0.8398840732516001 0.04167252104399479 0.07174497190264346
0 0.1912549386861234 0.7396750635832336 0.03333801683519578 0.04445068911359442
0 0.536761864794383 0.6152507394571655 0.024234001024380093 0.0438385047770462
