3 0.6058382700720941 0.6557179247935665 0.051453234187293126 0.0580498026728435
3 0.6553125337137221 0.6891405384536884 0.051453234187293126 0.0580498026728435
3 0.7255659880848334 0.7313585767612107 0.051453234187293126 0.0580498026728435
3 0.7770192222721267 0.7278404069022504 0.051453234187293126 0.0580498026728435
3 0.7354608408131594 0.6856223685947281 0.051453234187293126 0.0580498026728435
3 0.7869140750004522 0.6838632836652481 0.051453234187293126 0.0580498026728435
3 0.8527557648428049 0.7693483798942311 0.051453234187293126 0.0580498026728435
3 0.8623828234620656 0.7473436744787789 0.051453234187293126 0.0580498026728435
3 0.9202918141963411 0.7033001964776833 0.051453234187293126 0.0580498026728435
3 0.9742733829063533 0.6935543945743394 0.051453234187293126 0.0580498026728435
3 0.34389695211046856 0.740008772673628 0.051453234187293126 0.0580498026728435
3 0.21324401370622004 0.8182477252619037 0.07620852777967693 0.05804980267284352
3 0.22287107232548034 0.7546785762839296 0.051453234187293126 0.0580498026728435
3 0.2833648494347422 0.7468751213272163 0.051453234187293126 0.0580498026728435
3 0.16688755161770494 0.7866181823095724 0.051453234187293126 0.0580498026728435
3 0.15147659271359534 0.7482620179260107 0.051453234187293126 0.0580498026728435
3 0.0744217981930474 0.8578510590219011 0.051453234187293126 0.0580498026728435
3 0.10524371600126656 0.7975770864191614 0.051453234187293126 0.0580498026728435
3 0.5721957707957871 0.6715496891588874 0.05145323418729312 0.0580498026728435
0 0.18647260273972602 0.7356164383561644 0.049315068493150684 0.06849315068493154
0 0.024657534246575342 0.8671232876712329 0.049315068493150684 0.06849315068493154
0 0.4666738201975305 0.4883991716797072 0.022325344492390892 0.0283629752009716
0 0.1417808219178082 0.8315068493150685 0.049315068493150684 0.06849315068493154
0 0.9436069426227001 0.7296395184068878 0.033113015725267425 0.042061605337957504
3 0.4315068493150685 0.4287671232876712 0.024657534246575352 0.04657534246575338
3 0.33981164383561624 0.5383561643835614 0.0323630136986303 0.05753424657534263
3 0.3814212328767121 0.6041095890410957 0.0323630136986303 0.05753424657534263
3 0.41686643835616416 0.5849315068493148 0.0323630136986303 0.05753424657534263
3 0.37063356164383543 0.5712328767123285 0.0323630136986303 0.05753424657534263
3 0.4692636986301369 0.6534246575342464 0.05085616438356176 0.057534246575342625
3 0.5000856164383559 0.5821917808219177 0.0323630136986303 0.05753424657534263
3 0.5825342465753425 0.7821917808219178 0.049315068493150704 0.0630136986301369
3 0.5440068493150685 0.7301369863013698 0.049315068493150704 0.0630136986301369
0 0.5113295453624261 0.5145710252562027 0.022325344492390892 0.0283629752009716
0 0.8449768056363987 0.6940230800507234 0.033113015725267425 0.042061605337957504
1 0.5293664383561644 0.6356164383561643 0.026198630136986267 0.05479452054794514
1 0.5509417808219177 0.6246575342465753 0.026198630136986267 0.05479452054794514
1 0.5740582191780821 0.7315068493150685 0.026198630136986267 0.05479452054794514
1 0.8930650684931507 0.7945205479452053 0.026198630136986267 0.05479452054794514
1 0.42765410958904115 0.6438356164383562 0.026198630136986267 0.05479452054794514
3 0.9572781155662041 0.7717933471626148 0.051453234187293126 0.0580498026728435
3 0.3218922466950162 0.7057792309162576 0.051453234187293126 0.0580498026728435
