3 0.45435009527145526 0.52939660206965 0.025666707475859526 0.037333392692159253
3 0.4512389792137752 0.4975940823689221 0.025666707475859526 0.037333392692159253
3 0.4629056644300749 0.5653472765139516 0.025666707475859526 0.037333392692159253
3 0.7159998744257523 0.7205777408347847 0.055436824512093204 0.06139451603525089
3 0.7823423037598971 0.7335029021053644 0.06997763094149388 0.06139451603525008
3 0.8414143298793403 0.7173464505171401 0.055436824512093204 0.06139451603525089
3 0.8741311443454935 0.7642001601229894 0.055436824512093204 0.06139451603525089
3 0.884127948765707 0.7060369344053835 0.055436824512093204 0.06139451603525089
3 0.957740781314552 0.7738940310759237 0.055436824512093204 0.06139451603525089
3 0.9422911744833129 0.7464280633759433 0.055436824512093204 0.06139451603525089
3 0.9722815877439537 0.6914961279759818 0.055436824512093204 0.06139451603525089
3 0.6669246527265222 0.725424676311252 0.055436824512093204 0.06139451603525089
3 0.5867904383754913 0.7536562899351192 0.04303317686501484 0.07261967883594883
3 0.560435226722201 0.8279759672409489 0.04303317686501484 0.07261967883594883
3 0.44956157769801464 0.6090560482205161 0.04303317686501489 0.0483850014536122
3 0.4913663961825439 0.8489793543056401 0.04303317686501484 0.07261967883594883
3 0.502272001004595 0.604209112744049 0.04303317686501489 0.0483850014536122
3 0.5731584323479272 0.6462158868734309 0.04303317686501489 0.0483850014536122
3 0.5777024343571151 0.7076104029086817 0.04303317686501489 0.0483850014536122
3 0.5209024092422658 0.5799744353617146 0.025765969230100834 0.04838500145361222
3 0.5140864062284838 0.6526784675087204 0.04303317686501489 0.0483850014536122
3 0.3225267015366838 0.7081299378957767 0.06377351310773971 0.04460661026115134
3 0.2880262764128246 0.747160721874284 0.06377351310773971 0.04460661026115134
3 0.2158890238811194 0.8094241153638093 0.0805009919556706 0.06505130663084817
3 0.22843463301706776 0.7545951569178095 0.06377351310773971 0.04460661026115134
3 0.16779752219331528 0.7861915058527916 0.06377351310773971 0.04460661026115134
3 0.07684185595768646 0.8586772475271622 0.06377351310773971 0.04460661026115134
3 0.15002457591738788 0.7453021131134037 0.04704603425980811 0.04460661026115141
3 0.34657245238058565 0.7341504605481148 0.06377351310773971 0.04460661026115134
0 0.1907978056092218 0.7369383736894413 0.04286416454782598 0.057616871587320775
0 0.1395699016374304 0.8354446380161462 0.05122790397179092 0.05761687158732045
0 0.7752165648862956 0.6975330507257397 0.026392697324105683 0.031000946063235377
0 0.7031079454115067 0.6740728753265347 0.026392697324105683 0.031000946063235377
1 0.4630522206773547 0.66914559279981 0.025450100991102006 0.04440676057706683
1 0.47857515121925487 0.505240171320351 0.016983047968247594 0.044406760577066544
1 0.622044660773182 0.7209932261249449 0.025450100991102006 0.04440676057706682
3 0.6183312459152652 0.6685201938650163 0.04274467473388541 0.0455943197161443
2 0.06087328767123287 0.7497716825302334 0.12174657534246575 0.06210047055597192
3 0.10831192512009484 0.8037982846292836 0.05116722290441567 0.043356649937697965
