3 0.4756976885386155 0.571714610053847 0.024198811465150457 0.0339632441616147
3 0.48503758068305947 0.609074178631623 0.03268962250555418 0.03622746043905572
3 0.5079627704921493 0.6588869367353246 0.05136940679444223 0.042265370512231615
3 0.5049909866280082 0.790588850206475 0.04627492017019996 0.06868122708237635
3 0.5888377456519944 0.7709656424686532 0.03481232526565506 0.061133839490906325
0 0.5491432040381072 0.6396410983770763 0.028444216985352214 0.04302010927137864
0 0.5260057439530071 0.5890736015142278 0.022925189809089943 0.04000115423479066
2 0.6587857545715216 0.6856239928073786 0.18212789681665809 0.09737713480510149
3 0.7743619668848146 0.6754911894365585 0.05519027176262384 0.034717982920761725
3 0.8713256114010878 0.7511486570197633 0.1783070318484764 0.11023926143164274
3 0.3203096148252244 0.5353372997556043 0.034745449743753126 0.04375352930694838
3 0.34566170913267846 0.73315671876403 0.05553907621217466 0.04364028087881138
3 0.31758532530166195 0.7107910748136392 0.04970900743852105 0.03491222470304905
3 0.21540569890025765 0.8037994234366059 0.0932811003784591 0.0550958546094992
3 0.22783295075988788 0.7538858521814652 0.05308431041274151 0.042549273856840986
3 0.07456351115778151 0.8542584982027316 0.08100727138129349 0.05564135812048434
3 0.10954392379970368 0.8018901611481577 0.051550081788095864 0.036003231725019305
3 0.16661722863652412 0.7822520347526927 0.06996082528384438 0.028366182571227375
3 0.1506612509402087 0.745157796005703 0.047867933088946144 0.029457189593197767
0 0.19116488663085543 0.7369752433409259 0.03375302974220567 0.04800430896669241
0 0.13900111339290133 0.8351658753182514 0.04050363569064675 0.07418847749397912
