3 0.6434075342465754 0.6575342465753425 0.06010273972602739 0.06027397260273973
3 0.7112157534246575 0.6931506849315069 0.06010273972602739 0.06027397260273973
3 0.8021404109589041 0.6931506849315069 0.06010273972602739 0.06027397260273973
3 0.8113869863013699 0.726027397260274 0.06010273972602739 0.06027397260273973
3 0.8329623287671233 0.6849315068493153 0.06010273972602739 0.06027397260273973
3 0.9192636986301369 0.7835616438356164 0.06010273972602739 0.06027397260273973
3 0.9699486301369862 0.7183757196543403 0.06010273972602739 0.06027397260273973
3 0.3413527397260274 0.7424657534246575 0.06010273972602739 0.06027397260273973
3 0.5463184931506849 0.7520547945205479 0.03236301369863014 0.0684931506849314
3 0.27686785433820593 0.7379424087021733 0.06010273972602739 0.06027397260273973
3 0.23039383561643834 0.7561643835616438 0.06010273972602739 0.06027397260273973
3 0.5355308219178082 0.6904109589041095 0.06010273972602739 0.06027397260273973
3 0.07166095890410959 0.8520547945205479 0.06010273972602739 0.06027397260273973
3 0.17029109589041094 0.7808219178082192 0.06010273972602739 0.06027397260273973
3 0.6279965753424658 0.6931506849315069 0.06010273972602739 0.06027397260273972
3 0.3103992966126313 0.7031690611583248 0.06010273972602739 0.06027397260273973
3 0.15042637409506004 0.7516033666658253 0.04193987516071319 0.06027397260273963
3 0.11375135910740752 0.7950700510956374 0.04822702058716827 0.06027397260273968
3 0.390735043728442 0.5876718711019707 0.06010273972602739 0.06027397260273973
3 0.42147219914666534 0.6373480818788972 0.06010273972602739 0.06027397260273973
3 0.4550036414210906 0.6075423554127414 0.06010273972602739 0.06027397260273973
3 0.5262579562542442 0.5976071132573558 0.04892559230121859 0.057790162063892814
3 0.21190068493150682 0.8136986301369863 0.06010273972602739 0.06027397260273973
3 0.3753664660193301 0.561591860444084 0.04892559230121859 0.057790162063892814
3 0.43684077685577655 0.4423689545794606 0.04892559230121859 0.057790162063892814
3 0.5360379602509516 0.6361061766094739 0.04892559230121859 0.057790162063892814
1 0.2922980319015831 0.5192035373994449 0.01771503223645954 0.028868941422378502
1 0.4468124797418138 0.474587900655769 0.01771503223645954 0.028868941422378502
1 0.45566999586004364 0.50170720926467 0.01771503223645954 0.028868941422378502
1 0.4815044178715474 0.6626734281045991 0.026080464125898394 0.0393667383032436
1 0.5897875384679135 0.6559388348044963 0.02428822562025354 0.03821748312377534
1 0.5872361456459089 0.7485621891720753 0.023996177848386032 0.054924063960738095
1 0.26375714663173155 0.512205006145535 0.01771503223645954 0.028868941422378502
0 0.1397630920933336 0.8317777187270177 0.03690338966238198 0.054967211028653234
0 0.01845169483119099 0.8716732751187821 0.03690338966238198 0.054967211028653234
0 0.5188082503845451 0.5304920905702059 0.025837727084014262 0.04840978135258366
0 0.19112862094773014 0.7404612229858683 0.03690338966238198 0.05496721102865323
0 0.4833059162789493 0.5026230144469098 0.025837727084014262 0.04840978135258366
5 0.48587875080328324 0.5585581980733675 0.03596340337969451 0.06967269030824007
3 0.9699486301369862 0.6727636985671929 0.06010273972602739 0.06027397260273973
3 0.9830499553428679 0.7833971114168692 0.03390008931425943 0.06027397260273954
3 0.9130993150684931 0.7397260273972602 0.06010273972602739 0.06027397260273973
1 0.8161931675555039 0.7622192201943103 0.040941641268383365 0.04852342668845466
0 0.8964387844415359 0.7078729823032411 0.04749230387132485 0.05628717495860741
