2 0.044691780821917784 0.7657534246575338 0.08938356164383557 0.07945205479452162
3 0.954708904109589 0.7643835616438356 0.04777397260273972 0.043835616438356206
3 0.8298801369863014 0.6986301369863014 0.04777397260273972 0.043835616438356206
3 0.7805650684931507 0.7643835616438356 0.04777397260273972 0.043835616438356206
3 0.3043664383561644 0.7643835616438356 0.04777397260273972 0.043835616438356206
3 0.319777397260274 0.7178082191780822 0.04777397260273972 0.043835616438356206
3 0.18030821917808226 0.8315068493150681 0.08938356164383549 0.057534246575343125
3 0.15333904109589042 0.7506849315068495 0.04777397260273972 0.043835616438356206
3 0.06549657534246575 0.8575342465753425 0.04777397260273972 0.043835616438356206
3 0.11327054794520547 0.8082191780821918 0.04777397260273972 0.043835616438356206
3 0.16720890410958902 0.7890410958904109 0.04777397260273972 0.043835616438356206
3 0.22731164383561644 0.7643835616438356 0.04777397260273972 0.043835616438356206
3 0.6942636986301369 0.7424657534246576 0.04777397260273972 0.043835616438356206
3 0.9346746575342465 0.4356164383561644 0.04777397260273972 0.043835616438356206
3 0.6526541095890411 0.41643835616438357 0.04777397260273972 0.043835616438356206
3 0.768236301369863 0.4547945205479452 0.04777397260273972 0.043835616438356206
3 0.42148972602739726 0.5945205479452055 0.04777397260273972 0.0438356164383562
0 0.9208047945205478 0.7315068493150687 0.0508561643835617 0.06575342465753423
0 0.10402397260273957 0.8575342465753428 0.0508561643835617 0.06575342465753423
0 0.19032534246575328 0.7397260273972606 0.0508561643835617 0.06575342465753423
0 0.9654965753424656 0.6876712328767124 0.0508561643835617 0.06575342465753423
1 0.43613013698630104 0.6452054794520548 0.040068493150685114 0.04657534246575348
1 0.8599315068493147 0.773972602739726 0.040068493150685114 0.04657534246575348
2 0.580222602739726 0.7821917808219178 0.21421232876712323 0.11232876712328775
1 0.8121575342465751 0.7849315068493151 0.040068493150685114 0.04657534246575348
