2 0.8953767123287668 0.7246575342465752 0.20034246575342465 0.11232876712328775
2 0.09092465753424657 0.7630136986301369 0.18184931506849314 0.10136986301369859
3 0.5964041095890411 0.7575342465753425 0.10171232876712329 0.07397260273972606
3 0.6965753424657534 0.7602739726027398 0.10171232876712329 0.07397260273972606
3 0.30667808219178083 0.7739726027397259 0.10171232876712329 0.07397260273972606
3 0.17414383561643834 0.8232876712328766 0.10171232876712329 0.07397260273972606
3 0.3159246575342466 0.7054794520547947 0.10171232876712329 0.07397260273972606
3 0.22114726027397244 0.7547945205479454 0.044691780821918006 0.04109589041095907
3 0.4345890410958904 0.8150684931506851 0.10171232876712331 0.07397260273972606
0 0.19263698630136986 0.7383561643835617 0.043150684931506866 0.057534246575342535
3 0.7774961147849786 0.46153956712055577 0.029023751269461683 0.026152299469590967
3 0.8073150373220969 0.456238425336179 0.029023751269461683 0.026152299469590967
3 0.7226292973166811 0.43927477162617395 0.029023751269461683 0.026152299469590967
3 0.6728189498965 0.44264305043445523 0.029023751269461683 0.026152299469590967
3 0.7488074687031474 0.43187495115106556 0.029023751269461683 0.026152299469590967
3 0.8035962920456212 0.43579062361775267 0.029023751269461683 0.026152299469590967
3 0.8974752748466135 0.4455650389509389 0.029023751269461683 0.026152299469590967
3 0.7540385623891122 0.4534111497178449 0.029023751269461683 0.02615229946959097
3 0.9465747648801427 0.4406612197216226 0.029023751269461683 0.026152299469590967
3 0.9234042190216232 0.43379587280057974 0.029023751269461683 0.026152299469590967
3 0.9107155867657675 0.4102575404998617 0.029023751269461683 0.026152299469590967
3 0.7855602893282869 0.7132005344774304 0.029023751269461683 0.026152299469590967
3 0.8583060187524496 0.4485073304885286 0.029023751269461683 0.026152299469590967
