3 0.8961472602739726 0.7369863013698631 0.07243150684931507 0.07671232876712338
3 0.8468321917808219 0.7095890410958904 0.07243150684931507 0.07671232876712338
3 0.948544520547945 0.673972602739726 0.07243150684931507 0.07671232876712338
3 0.7482020547945205 0.7287671232876712 0.07243150684931507 0.07671232876712338
3 0.6603595890410959 0.7232876712328767 0.07243150684931507 0.07671232876712338
3 0.6279965753424658 0.767123287671233 0.07243150684931507 0.07671232876712338
3 0.5401541095890411 0.8301369863013699 0.07243150684931507 0.07671232876712338
3 0.2997431506849315 0.7726027397260274 0.07243150684931507 0.07671232876712338
3 0.3228595890410959 0.7068493150684932 0.07243150684931507 0.07671232876712338
3 0.15179794520547912 0.7465753424657535 0.04777397260273908 0.05205479452054817
3 0.35522260273972606 0.8328767123287671 0.07243150684931507 0.07671232876712338
3 0.8160102739726028 0.7698630136986302 0.07243150684931507 0.07671232876712338
3 0.22268835616438323 0.7602739726027399 0.04777397260273908 0.05205479452054817
3 0.11327054794520515 0.7931506849315069 0.04777397260273908 0.05205479452054817
3 0.1641267123287668 0.7876712328767124 0.04777397260273908 0.05205479452054817
3 0.05624999999999968 0.8616438356164384 0.04777397260273908 0.05205479452054817
3 0.17337328767123253 0.8342465753424659 0.04777397260273908 0.05205479452054817
0 0.09554794520547948 0.8561643835616439 0.03698630136986303 0.04657534246575338
0 0.5147260273972603 0.7958904109589042 0.03698630136986303 0.04657534246575338
0 0.1895547945205479 0.7356164383561642 0.03698630136986303 0.04657534246575338
0 0.018493150684931514 0.8643835616438355 0.03698630136986303 0.04657534246575338
0 0.4561643835616438 0.7958904109589042 0.03698630136986303 0.04657534246575338
1 0.9807363013698631 0.7534246575342466 0.038527397260273946 0.06027397260273973
1 0.5293664383561645 0.5780821917808219 0.038527397260273946 0.06027397260273973
1 0.7435787671232876 0.810958904109589 0.038527397260273946 0.06027397260273972
2 0.04006849315068494 0.7753424657534235 0.08013698630136988 0.054794520547945195
2 0.12791095890410958 0.9506849315068494 0.2219178082191781 0.0547945205479452
3 0.8160102739726028 0.7698630136986302 0.07243150684931507 0.07671232876712338
