2 0.1849315068493151 0.9178082191780824 0.25273972602739725 0.12602739726027476
3 0.05547945205479451 0.77945205479452 0.11095890410958902 0.09589041095890352
2 0.8229452054794522 0.7410958904109589 0.19726027397260268 0.10136986301369873
3 0.6488013698630138 0.7602739726027398 0.09554794520547943 0.07397260273972606
3 0.6827054794520548 0.6753424657534248 0.09554794520547943 0.07397260273972606
3 0.9354452054794521 0.6698630136986301 0.09554794520547943 0.07397260273972606
3 0.9522260273972603 0.7082191780821918 0.09554794520547943 0.07397260273972606
3 0.4053082191780822 0.8342465753424656 0.09554794520547943 0.07397260273972606
3 0.38989726027397253 0.8123287671232876 0.09554794520547943 0.07397260273972606
3 0.3205479452054794 0.7136986301369862 0.09554794520547943 0.07397260273972606
3 0.31592465753424653 0.7739726027397259 0.09554794520547943 0.07397260273972606
3 0.18184931506849314 0.8260273972602741 0.09554794520547943 0.07397260273972606
3 0.17414383561643834 0.8041095890410958 0.09554794520547943 0.07397260273972606
3 0.22499999999999998 0.7657534246575344 0.09554794520547943 0.07397260273972606
3 0.1417808219178082 0.7602739726027398 0.09554794520547943 0.07397260273972606
3 0.08013698630136985 0.8452054794520549 0.09554794520547943 0.07397260273972606
3 0.49469178082191784 0.8342465753424656 0.09554794520547943 0.07397260273972606
1 0.4916095890410959 0.7643835616438356 0.046232876712328806 0.08767123287671241
