3 0.49546232876712326 0.5383561643835617 0.03544520547945204 0.06849315068493148
3 0.6341609589041096 0.7109589041095891 0.05393835616438359 0.07397260273972606
3 0.734332191780822 0.7273972602739727 0.05393835616438359 0.07397260273972606
3 0.7636130136986301 0.6726027397260274 0.05393835616438359 0.07397260273972606
3 0.5663527397260275 0.7931506849315068 0.05393835616438359 0.07397260273972606
3 0.5309075342465753 0.889041095890411 0.05393835616438359 0.07397260273972606
3 0.9624143835616438 0.7739726027397259 0.05393835616438359 0.07397260273972606
3 0.9730308219178082 0.689041095890411 0.05393835616438359 0.07397260273972606
3 0.9423801369863014 0.7383561643835617 0.05393835616438359 0.07397260273972606
3 0.848373287671233 0.7109589041095891 0.05393835616438359 0.07397260273972606
3 0.803681506849315 0.7219178082191781 0.05393835616438359 0.07397260273972606
3 0.3120719178082192 0.7630136986301369 0.05393835616438359 0.07397260273972606
3 0.3228595890410959 0.7136986301369862 0.05393835616438359 0.07397260273972606
3 0.170291095890411 0.9 0.05393835616438359 0.07397260273972606
3 0.22114726027397263 0.8013698630136982 0.08476027397260287 0.07397260273972603
3 0.23501712328767124 0.743835616438356 0.05393835616438359 0.07397260273972606
3 0.07474315068493152 0.8534246575342465 0.05393835616438359 0.07397260273972606
3 0.1656678082191781 0.7904109589041096 0.05393835616438359 0.07397260273972606
3 0.1125 0.7999999999999996 0.03698630136986307 0.043835616438356165
3 0.5740582191780823 0.678082191780822 0.05393835616438359 0.07397260273972606
3 0.15333904109589042 0.7520547945205474 0.03852739726027401 0.07397260273972603
3 0.15333904109589042 0.7520547945205474 0.03852739726027401 0.07397260273972603
0 0.19571917808219175 0.7342465753424657 0.043150684931506866 0.07671232876712338
0 0.5563356164383562 0.5972602739726028 0.043150684931506866 0.07671232876712338
0 0.5933219178082192 0.6410958904109588 0.043150684931506866 0.07671232876712338
0 0.021575342465753433 0.8657534246575344 0.043150684931506866 0.07671232876712338
0 0.13407534246575342 0.841095890410959 0.043150684931506866 0.07671232876712338
5 0.9149961575223747 0.7156474648170124 0.0508561643835617 0.0794520547945205
5 0.6773116438356164 0.6671232876712329 0.05085616438356169 0.0794520547945205
1 0.8703268689219225 0.757207754577216 0.035867036255638564 0.07357340770387381
1 0.4633739575598699 0.6468476430214051 0.035867036255638564 0.07357340770387381
1 0.48682548126547975 0.5879889168583061 0.035867036255638564 0.07357340770387381
1 0.5088975035766419 0.592893810705231 0.035867036255638564 0.07357340770387381
1 0.3778448711041167 0.5671431180088751 0.02759002788895295 0.0564062792396365
1 0.8579113563718935 0.7866371176587656 0.035867036255638564 0.07357340770387381
1 0.39715789062638357 0.6014773749373495 0.02759002788895295 0.0564062792396365
1 0.45785595198207957 0.508284391845776 0.02759002788895295 0.0564062792396365
1 0.5019999966044039 0.8123878103551212 0.02759002788895295 0.0564062792396365
1 0.3640498571596402 0.5867626933965748 0.02759002788895295 0.0564062792396365
