3 0.8614726027397259 0.7041095890410958 0.06780821917808211 0.06575342465753423
3 0.8275684931506848 0.7643835616438355 0.06780821917808211 0.06575342465753423
3 0.7104452054794518 0.7753424657534245 0.06780821917808211 0.06575342465753423
3 0.5809931506849315 0.7616438356164383 0.06780821917808211 0.06575342465753423
3 0.5655821917808219 0.8 0.06780821917808211 0.06575342465753423
3 0.522431506849315 0.8520547945205479 0.06780821917808211 0.06575342465753423
3 0.48236301369863005 0.8 0.06780821917808211 0.06575342465753423
3 0.26969178082191775 0.8602739726027397 0.06780821917808211 0.06575342465753423
3 0.30051369863013694 0.767123287671233 0.06780821917808211 0.06575342465753423
3 0.31592465753424653 0.7178082191780822 0.06780821917808211 0.06575342465753423
3 0.1772260273972602 0.8383561643835616 0.06780821917808211 0.06575342465753423
3 0.16797945205479448 0.7972602739726028 0.06780821917808211 0.06575342465753423
3 0.22499999999999998 0.767123287671233 0.06780821917808211 0.06575342465753423
3 0.05702054794520541 0.8602739726027399 0.043150684931506714 0.06575342465753421
3 0.7489726027397259 0.7095890410958904 0.06780821917808211 0.06575342465753423
3 0.1063356164383561 0.7972602739726028 0.043150684931506714 0.06575342465753421
3 0.147945205479452 0.7479452054794521 0.043150684931506714 0.06575342465753421
0 0.6950342465753425 0.7383561643835617 0.0431506849315069 0.057534246575342535
0 0.188013698630137 0.7383561643835617 0.0431506849315069 0.057534246575342535
0 0.22500000000000003 0.6013698630136985 0.0431506849315069 0.057534246575342535
0 0.10017123287671235 0.8506849315068493 0.0431506849315069 0.057534246575342535
0 0.188013698630137 0.9191780821917809 0.0431506849315069 0.057534246575342535
0 0.02157534246575345 0.8726027397260276 0.0431506849315069 0.057534246575342535
0 0.9200342465753425 0.7191780821917808 0.0431506849315069 0.057534246575342535
3 0.3945205479452054 0.8054794520547947 0.06780821917808211 0.06575342465753423
1 0.9699486301369862 0.6917808219178082 0.06010273972602733 0.052054794520547884
1 0.9593321917808219 0.7904109589041096 0.060102739726027324 0.052054794520547884
2 0.039297945205479454 0.773972602739726 0.07243150684931507 0.07945205479452057
