3 0.4661815068493151 0.7821917808219178 0.05702054794520542 0.06301369863013705
3 0.4523116438356165 0.8397260273972603 0.05702054794520542 0.06301369863013705
3 0.3228595890410959 0.8095890410958905 0.05702054794520542 0.06301369863013705
3 0.19494863013698638 0.9082191780821919 0.05702054794520542 0.06301369863013705
3 0.10094178082191785 0.9684931506849316 0.05702054794520542 0.06301369863013705
3 0.2997431506849315 0.7684931506849315 0.05702054794520542 0.06301369863013705
3 0.31669520547945207 0.7136986301369862 0.05702054794520542 0.06301369863013705
3 0.22268835616438362 0.7547945205479454 0.05702054794520542 0.06301369863013705
3 0.2211472602739727 0.8041095890410961 0.07859589041095888 0.06301369863013702
3 0.16181506849315078 0.7931506849315068 0.06780821917808212 0.06301369863013703
3 0.10710616438356167 0.8095890410958905 0.04469178082191767 0.06301369863013702
3 0.7790239726027397 0.7273972602739727 0.05702054794520542 0.06301369863013705
3 0.8953767123287671 0.7602739726027395 0.06780821917808215 0.06301369863013703
3 0.9714897260273971 0.8095890410958905 0.05702054794520542 0.06301369863013705
3 0.9714897260273971 0.6726027397260274 0.05702054794520542 0.06301369863013705
3 0.6526541095890411 0.6616438356164384 0.05702054794520542 0.06301369863013705
5 0.9362831529895215 0.7323333351359165 0.05326972615851659 0.053771324333267215
3 0.978492639394787 0.7279192711981111 0.03385787679566718 0.044943196457656286
3 0.91506555019757 0.6717402756260407 0.04965821930031211 0.06259945220887843
1 0.5674580150953874 0.7672445680985613 0.02889205486563601 0.049758538935260506
1 0.5742295904545208 0.8033596366806063 0.02889205486563601 0.049758538935260506
1 0.6207277412539041 0.7223013716409052 0.02889205486563601 0.049758538935260506
1 0.6414939056885801 0.7166834720836981 0.02889205486563601 0.049758538935260506
1 0.7155297962817727 0.6701351614668398 0.02889205486563601 0.049758538935260506
1 0.7263643168563862 0.7471806411085363 0.02889205486563601 0.049758538935260506
1 0.7200441798545285 0.7086579012876879 0.02889205486563601 0.049758538935260506
1 0.5954471932464723 0.6580968052728247 0.02889205486563601 0.049758538935260506
0 0.7845998649449318 0.6829760747404546 0.041532328869352 0.05778410973127223
0 0.5169012349190636 0.8187726044583531 0.041532328869352 0.05778410973127223
0 0.1023464403985157 0.8598684948693119 0.041532328869352 0.05778410973127223
0 0.1855656184807075 0.7475397277460243 0.041532328869352 0.05778410973127223
0 0.020766164434676 0.8626082208967092 0.041532328869352 0.05778410973127223
0 0.8297437006724883 0.6982246592528738 0.041532328869352 0.057784109731272223
3 0.06703767123287674 0.8589041095890412 0.04469178082191767 0.06301369863013702
3 0.15179794520547948 0.7520547945205479 0.04469178082191767 0.06301369863013702
4 0.7543664383561642 0.43698630136986305 0.026198630136986267 0.05205479452054797
4 0.34751712328767115 0.6424657534246576 0.026198630136986267 0.05205479452054797
