3 0.4800513698630137 0.8027397260273973 0.10325342465753425 0.049315068493150704
3 0.6434075342465754 0.7452054794520548 0.08784246575342458 0.07123287671232874
0 0.19109589041095887 0.7369863013698631 0.03082191780821919 0.0438356164383562
2 0.9160958904109588 0.7196346962288636 0.16780821917808225 0.10776254314265842
2 0.06934931506849314 0.763013698630137 0.1386986301369863 0.11780821917808225
3 0.73125 0.7589041095890411 0.07551369863013704 0.06575342465753423
3 0.17645547945205478 0.832876712328767 0.08476027397260275 0.05479452054794521
3 0.3190068493150685 0.7095890410958904 0.046232876712328765 0.032876712328767044
4 0.355222602739726 0.6547945205479451 0.02619863013698634 0.0438356164383562
4 0.385956137778324 0.7367271678379825 0.018067146720313048 0.02539671270245563
