3 0.6056506849315069 0.6972602739726028 0.05856164383561648 0.057534246575342465
3 0.7042808219178082 0.7109589041095892 0.05856164383561648 0.057534246575342465
3 0.7443493150684932 0.689041095890411 0.05856164383561648 0.057534246575342465
3 0.8244863013698631 0.7000000000000002 0.05856164383561648 0.057534246575342465
3 0.9707191780821919 0.8178082191780822 0.05856164383561648 0.057534246575342465
3 0.9246575342465755 0.7684931506849315 0.05856164383561648 0.057534246575342465
3 0.9231164383561645 0.7356164383561644 0.05856164383561648 0.057534246575342465
3 0.9707191780821919 0.6863013698630138 0.05856164383561648 0.057534246575342465
3 0.31284246575342467 0.752054794520548 0.05856164383561648 0.057534246575342465
3 0.31746575342465755 0.7109589041095892 0.05856164383561648 0.057534246575342465
3 0.23116438356164382 0.752054794520548 0.05856164383561648 0.057534246575342465
3 0.21190068493150682 0.8082191780821916 0.07859589041095896 0.0876712328767118
3 0.15565068493150686 0.752054794520548 0.05856164383561648 0.057534246575342465
3 0.16797945205479453 0.7767123287671234 0.05856164383561648 0.057534246575342465
3 0.07397260273972606 0.8561643835616438 0.07089041095890415 0.06849315068493168
3 0.10633561643835616 0.8013698630136987 0.043150684931506846 0.04657534246575343
3 0.5501712328767123 0.6643835616438356 0.05856164383561648 0.057534246575342465
3 0.5339897260273972 0.8698630136986302 0.04777397260273972 0.07945205479452057
3 0.4892979452054793 0.523287671232877 0.03544520547945187 0.06027397260274033
3 0.5571061643835616 0.7712328767123288 0.04777397260273972 0.07945205479452057
1 0.480051369863014 0.5890410958904111 0.02928082191780817 0.0767123287671236
1 0.5000856164383564 0.5835616438356166 0.02928082191780817 0.0767123287671236
1 0.4569349315068495 0.49041095890410974 0.02928082191780817 0.0767123287671236
1 0.38142123287671253 0.6000000000000001 0.02928082191780817 0.0767123287671236
1 0.3552226027397263 0.5753424657534247 0.02928082191780817 0.0767123287671236
1 0.8129280821917811 0.7616438356164386 0.02928082191780817 0.0767123287671236
1 0.5047089041095894 0.808219178082192 0.02928082191780817 0.0767123287671236
1 0.8375856164383565 0.745205479452055 0.02928082191780817 0.0767123287671236
1 0.7466609589041099 0.7369863013698632 0.02928082191780817 0.0767123287671236
1 0.4446061643835618 0.6246575342465754 0.02928082191780817 0.0767123287671236
0 0.5794520547945206 0.6301369863013698 0.030821917808219156 0.0547945205479452
0 0.1340753424657534 0.832876712328767 0.030821917808219156 0.0547945205479452
0 0.1895547945205479 0.7397260273972601 0.030821917808219156 0.0547945205479452
0 0.015410958904109578 0.8630136986301369 0.030821917808219156 0.0547945205479452
0 0.15102739726027395 0.9643835616438357 0.030821917808219156 0.0547945205479452
0 0.5393835616438356 0.5972602739726027 0.030821917808219156 0.0547945205479452
