3 0.589448392552781 0.7447892955940195 0.05036856934053788 0.09075417899195998
3 0.5894483925527811 0.7012272896778786 0.05036856934053788 0.09075417899195998
3 0.5030050370629391 0.8972563163005127 0.05036856934053788 0.09075417899195998
3 0.4849676439882866 0.6104731106859185 0.03743609883418255 0.0617128417145326
3 0.5785578910737459 0.7883513015101603 0.05036856934053788 0.09075417899195998
3 0.55312900190241 0.6447043849605167 0.03743609883418255 0.0617128417145326
3 0.5539680715780022 0.6051748802437256 0.03743609883418255 0.0617128417145326
3 0.5199857497165156 0.5186574736937676 0.03743609883418255 0.0617128417145326
3 0.4693555070465939 0.5305091078450537 0.03324075045622168 0.03635429151885639
3 0.493135520097563 0.6588753394816306 0.03743609883418255 0.0617128417145326
3 0.4662852904786107 0.5566952989872841 0.03324075045622168 0.03635429151885639
3 0.4363097018400874 0.3948458743037484 0.015783813503258984 0.031623301833689936
0 0.4773977242930155 0.4834801991615554 0.017287033836902665 0.03251409906844167
0 0.44106989956329246 0.45764707935375226 0.017287033836902665 0.03251409906844167
5 0.44595536564763466 0.49439246528726527 0.023049378449203673 0.03741348385957686
1 0.4969096004269648 0.5557104666875915 0.013736014356217794 0.03695936595546939
1 0.5130586983863021 0.5870599288819627 0.011879796199972219 0.041579286699902906
1 0.5210404364581585 0.6005896967763755 0.01150855256872319 0.042239275377679276
1 0.5247528727706497 0.7018979588150279 0.023388348768695336 0.03761935463324534
5 0.5958460281548588 0.6325991476485231 0.04454923574989614 0.052139105544322675
3 0.6888425577827667 0.6959580607150417 0.04640545390614165 0.050819128188770296
3 0.7356192553201574 0.6675785475706636 0.04640545390614165 0.050819128188770296
3 0.7378467171076523 0.7256575512149723 0.04640545390614165 0.050819128188770296
3 0.7708874002888251 0.7249975625371963 0.04640545390614165 0.050819128188770296
3 0.9040638850401126 0.7267504857223276 0.0710625431810681 0.05081912818877039
3 0.8500142435546043 0.7473038507023533 0.06952798950867076 0.05081912818877032
3 0.6439220784016215 0.6695585136039923 0.04640545390614165 0.050819128188770296
3 0.9767972730469292 0.6894708047001337 0.04640545390614165 0.050819128188770296
3 0.9554158083410995 0.7162674297215773 0.04640545390614165 0.050819128188770296
3 0.9442224437829858 0.7862446114954118 0.07182122285106195 0.06093485712207301
3 0.9932985558693816 0.7953487675353847 0.013402888261236636 0.050819128188770366
3 0.8389556395707853 0.6847501311979249 0.04640545390614165 0.050819128188770296
3 0.9932985558693818 0.7602809072332632 0.013402888261236636 0.050819128188770366
0 0.7607660390903109 0.6807885572113744 0.04210672168487875 0.04248606151987772
0 0.8294265492251134 0.7131588897979477 0.04210672168487875 0.04248606151987772
1 0.7021580345829803 0.7448548404556363 0.03565794448989592 0.050578644666517764
1 0.6636550413305902 0.7124845078690611 0.026933128284922385 0.039788533804329944
3 0.3246420215340687 0.7090359930926244 0.056679870331711096 0.04505716882737631
3 0.2868554413129279 0.7459009494059327 0.056679870331711096 0.04505716882737631
3 0.3830712030717973 0.6032490620916281 0.04857312838051329 0.03665017717428285
3 0.3250961801672419 0.5270137049889153 0.03235964447811652 0.045057168827376246
3 0.3476826192298862 0.7352510731376435 0.056679870331711096 0.04505716882737631
3 0.28929140321611674 0.5168052151244436 0.03235964447811652 0.045057168827376246
3 0.3629276426061667 0.5480311841216515 0.03235964447811652 0.045057168827376246
3 0.31631387638677727 0.5528351793519911 0.03235964447811652 0.045057168827376246
1 0.3443676424686052 0.5803826737654092 0.0179023884755626 0.03783146243892475
3 0.21668950597528713 0.8080073727744298 0.0878470970170083 0.04982650158848315
3 0.16525106210384954 0.7824285109143014 0.056679870331711096 0.04505716882737631
3 0.1533289560801127 0.7467319127613584 0.04454860455317185 0.04505716882737629
3 0.07280245048118841 0.8545653863483739 0.056679870331711096 0.04505716882737631
3 0.11003288683601573 0.8010204891189594 0.056679870331711096 0.04505716882737631
3 0.22925394707338417 0.7549123831714079 0.056679870331711096 0.04505716882737631
0 0.18991705736057987 0.732523941263519 0.04517850703731856 0.07734262933137658
0 0.02258925351865928 0.8745666547471049 0.04517850703731856 0.07734262933137658
0 0.13888207718879406 0.8351516609532302 0.04517850703731856 0.07734262933137658
3 0.914823606570567 0.6746344022646207 0.04640545390614165 0.050819128188770296
