3 0.5902354094268517 0.782127371487621 0.03908082555114497 0.06845530227259389
3 0.5431085315563533 0.7259327203683276 0.03333364532303548 0.05619465111929358
3 0.4951195766516385 0.7049874413147728 0.040804979619577894 0.05517293018985171
3 0.5126484763473727 0.5675659763048642 0.02413815695806008 0.04393399996599328
3 0.49856788478850417 0.6191628832416699 0.03850610752833397 0.04904260461320163
3 0.5189703745982932 0.6656511855312672 0.03448308136865734 0.03780367438934306
3 0.54713155771603 0.6503253715896418 0.031034773231791633 0.03984711624822637
3 0.586787101289986 0.6431733250835501 0.036781953459901186 0.04189055810710975
3 0.5784536899592273 0.6881290459789846 0.054598212167040854 0.039847116248226226
3 0.8527392105031197 0.7591842128833215 0.039355518877113554 0.05061324413510576
3 0.8368295326591805 0.7260623104713776 0.052753142324641546 0.04391443241134183
3 0.8237445041566045 0.6836509520308038 0.062382684177552224 0.030516808963813702
3 0.7305891536230112 0.6646709854801393 0.04521697913540706 0.029772496550062044
3 0.9141714747892737 0.6739748906520336 0.05107843939370071 0.05135755654885728
2 0.7071462595055422 0.7251915938079834 0.19610577028208043 0.10630137648364968
0 0.533715666531442 0.6124809879181433 0.02407534007003953 0.04280060456895917
2 0.9369762098372837 0.7758080011921115 0.1260475803254326 0.1205303429318387
3 0.07477840552595354 0.8587282124692024 0.07502040683833527 0.055068743084197395
3 0.11035259844606736 0.8010781220529336 0.04840026247634533 0.03958065909176696
3 0.15197682417572433 0.7442884807473549 0.04840026247634533 0.03785976087038563
3 0.16673890423100965 0.7817180170623953 0.05856431759637786 0.024953024210026768
3 0.21344515752068266 0.800647897497588 0.08615246720789488 0.05420829397350666
3 0.22506122051500577 0.7511720736328794 0.05130427822492603 0.03785976087038577
3 0.34775588589254114 0.7339630914190677 0.059532322845904775 0.04474335375591039
3 0.3167797179076801 0.7098705163197313 0.05275628609921632 0.03613886264900458
3 0.38200117354380436 0.5845527342055656 0.042716830492227374 0.05163990175060377
1 0.46470095737675665 0.5854640265893998 0.01947887470445572 0.051032373494714206
