3 0.5455479452054794 0.7835616438356164 0.08013698630136985 0.06027397260273972
3 0.7011986301369862 0.7438356164383562 0.07705479452054803 0.052054794520547884
3 0.7882705479452055 0.7561643835616438 0.07859589041095888 0.08219178082191775
3 0.17260273972602738 0.7821917808219178 0.08630136986301372 0.0191780821917807
3 0.17722602739726023 0.8178082191780822 0.1078767123287671 0.03561643835616437
3 0.31592465753424653 0.7095890410958904 0.06472602739726024 0.03835616438356169
3 0.22962328767123288 0.7520547945205479 0.05239726027397257 0.03013698630136986
0 0.19186643835616438 0.7342465753424656 0.02928082191780824 0.0438356164383562
0 0.23655821917808217 0.6095890410958904 0.016952054794520565 0.041095890410958874
2 0.946917808219178 0.7264840112973565 0.1061643835616438 0.08858446095087757
2 0.06703767123287671 0.7547945205479454 0.13407534246575342 0.07397260273972606
3 0.3043664383561644 0.7643835616438356 0.0693493150684931 0.049315068493150704
3 0.7797945205479452 0.452054794520548 0.11095890410958902 0.03287671232876718
