3 0.764143011243201 0.6990413648115108 0.059051087023057114 0.059282659913343555
3 0.8092997248490684 0.6879258660777591 0.059051087023057114 0.059282659913343555
3 0.8426462210503247 0.7472085259911024 0.03820952689727307 0.05928265991334355
3 0.7849845713689859 0.7336229164276281 0.05905108702305711 0.05928265991334356
2 0.9319175702557694 0.7758206399611484 0.13616485948846133 0.13379766366149382
3 0.9204547121865878 0.6965712539817883 0.06877714841509018 0.03458155161611714
3 0.9777690025324961 0.685044066968841 0.044461994935007854 0.06586961584412081
3 0.913160166142563 0.6712526179771311 0.051409181643602725 0.04075682869042382
3 0.5085340670691513 0.7953756871706945 0.04168312025156972 0.07904354655112499
3 0.578005934155101 0.7583240247248548 0.031957058859536716 0.06669299240251178
3 0.5272914711823578 0.7459734705762415 0.03473593354297478 0.05187232742417578
3 0.5411858445995477 0.6903959769074817 0.056966931010478776 0.05928265991334371
3 0.6999290608909428 0.7181847237418613 0.07016658575680935 0.053107382839037195
3 0.6537302692787861 0.6922485600297738 0.05140918164360278 0.05310738283903718
3 0.46011854288038984 0.573208880643834 0.02339893721223173 0.039700770119748215
3 0.5995422129517454 0.6873083383703283 0.051409181643602794 0.053107382839037175
3 0.4611958599739041 0.5297969918385182 0.02339893721223173 0.039700770119748215
3 0.4827422018441894 0.5170287892487196 0.02339893721223173 0.039700770119748215
3 0.4486271605495709 0.4934076144575919 0.02339893721223173 0.039700770119748215
3 0.4353402497295615 0.47042484979595417 0.02339893721223173 0.039700770119748215
3 0.4256443958879333 0.44935731552278635 0.02339893721223173 0.039700770119748215
3 0.5233211456998936 0.573208880643834 0.02339893721223173 0.039700770119748215
3 0.5136252918582652 0.6064062073773108 0.02339893721223173 0.039700770119748215
3 0.5459448046636932 0.6517333265710961 0.02339893721223173 0.039700770119748215
3 0.584728220030207 0.6376883037223178 0.02339893721223173 0.039700770119748215
3 0.4353402497295617 0.5285201715795385 0.02339893721223173 0.039700770119748215
0 0.7051926555609895 0.6831479307550081 0.033330924543518214 0.03508518373001794
0 0.599498539574308 0.6523509361475477 0.03333092454351828 0.04210222047602315
3 0.32278369031617493 0.7141784065932826 0.05876768274778176 0.0530176109698072
3 0.2859442473996546 0.746144907325078 0.05876768274778176 0.0530176109698072
3 0.22278522346391252 0.7538704051277203 0.05787462187043844 0.04746078773300426
3 0.2134080842518059 0.8050725620954183 0.08109420468136865 0.0673065850073132
3 0.07183985834484513 0.8563659573772696 0.07569285350040326 0.06906518027599659
3 0.1079468892837709 0.8072202763770651 0.05876768274778176 0.0530176109698072
3 0.167184986917946 0.7831489224177811 0.05876768274778176 0.0530176109698072
3 0.1508239885237451 0.7500508107237657 0.045227546145684264 0.05301761096980709
3 0.3460276245373128 0.7360091875808501 0.05876768274778176 0.0530176109698072
0 0.1387247827891197 0.8347873009898144 0.04626213339049863 0.06318730414312071
0 0.18865403650935303 0.731481073581221 0.035542858580505016 0.04713973483693096
