3 0.4392855941963843 0.8019566685999702 0.04888728242652171 0.059013454780986546
3 0.320990441658134 0.7086081128555005 0.04888728242652171 0.059013454780986546
3 0.29443438700669017 0.7633296800160516 0.04888728242652171 0.059013454780986546
3 0.17175274585593978 0.830774840699585 0.04888728242652171 0.059013454780986546
3 0.22696730007156674 0.7517686493016149 0.04888728242652171 0.059013454780986546
3 0.167712656523089 0.7876805544825103 0.04888728242652171 0.059013454780986546
3 0.064017030313253 0.8499278567960629 0.04888728242652171 0.059013454780986546
3 0.11182475408532025 0.8032423800608984 0.04888728242652171 0.059013454780986546
3 0.14549216519240984 0.743389204759406 0.04888728242652171 0.059013454780986546
3 0.024443641213260855 0.9688604409463791 0.04888728242652171 0.059013454780986546
3 0.08598824462721572 0.9704932726095068 0.04888728242652171 0.059013454780986546
3 0.745222814535365 0.7191793284787513 0.04888728242652171 0.059013454780986546
3 0.8240443391982956 0.7472047594700154 0.04888728242652171 0.059013454780986546
3 0.892834033449581 0.6758672987649793 0.04888728242652171 0.059013454780986546
3 0.9755563587867393 0.7661736736763811 0.04888728242652171 0.059013454780986546
3 0.45859908848834335 0.6045298380599428 0.04888728242652171 0.059013454780986546
0 0.9660958904109589 0.7232876712328767 0.06780821917808218 0.06575342465753409
0 0.19186643835616432 0.7315068493150686 0.02619863013698636 0.065753424657534
0 0.10171232876712327 0.8575342465753425 0.06780821917808218 0.06575342465753409
2 0.03390410958904091 0.7712328767123288 0.06780821917808182 0.07397260273972571
2 0.6318493150684931 0.7684931506849315 0.184931506849315 0.12876712328767126
