3 0.5039383561643835 0.5575342465753426 0.040068493150684927 0.05205479452054796
3 0.6873287671232875 0.7260273972602738 0.06472602739726013 0.0547945205479452
3 0.7890410958904108 0.6876712328767123 0.06472602739726013 0.0547945205479452
3 0.7767123287671232 0.7424657534246575 0.06472602739726013 0.0547945205479452
3 0.96763698630137 0.7424657534246575 0.06472602739726013 0.0547945205479452
3 0.96763698630137 0.6821917808219178 0.06472602739726013 0.0547945205479452
3 0.5393835616438356 0.8958904109589042 0.06472602739726013 0.0547945205479452
3 0.3113013698630136 0.7643835616438355 0.06472602739726013 0.0547945205479452
3 0.20804794520547937 0.8712328767123289 0.06472602739726013 0.0547945205479452
3 0.31746575342465744 0.7178082191780821 0.06472602739726013 0.0547945205479452
3 0.21883561643835608 0.8027397260273972 0.06472602739726013 0.0547945205479452
3 0.23270547945205472 0.7643835616438355 0.06472602739726013 0.0547945205479452
3 0.16797945205479445 0.7863013698630137 0.06472602739726013 0.0547945205479452
3 0.15719178082191776 0.7534246575342466 0.04623287671232867 0.05479452054794522
3 0.11558219178082185 0.7972602739726027 0.06472602739726013 0.0547945205479452
3 0.07859589041095884 0.8547945205479452 0.06472602739726013 0.0547945205479452
3 0.04392123287671226 0.9520547945205478 0.08784246575342453 0.095890410958904
3 0.6226027397260273 0.6931506849315068 0.06472602739726013 0.0547945205479452
3 0.560958904109589 0.8136986301369862 0.0523972602739726 0.09315068493150688
1 0.504708904109589 0.6136986301369863 0.041609589041095914 0.06575342465753437
1 0.5278253424657534 0.6109589041095891 0.041609589041095914 0.06575342465753437
1 0.430736301369863 0.6328767123287671 0.041609589041095914 0.06575342465753437
1 0.4661815068493151 0.5205479452054794 0.041609589041095914 0.06575342465753437
1 0.3860445205479452 0.6 0.041609589041095914 0.06575342465753437
1 0.4168664383561644 0.5945205479452054 0.041609589041095914 0.06575342465753437
1 0.9285102739726026 0.8054794520547947 0.041609589041095914 0.06575342465753437
1 0.49854452054794524 0.6767123287671233 0.041609589041095914 0.06575342465753437
3 0.8553082191780823 0.7410958904109589 0.07089041095890408 0.04109589041095901
3 0.8676369863013699 0.7082191780821918 0.07089041095890408 0.04109589041095901
5 0.7073630136986302 0.6684931506849315 0.07089041095890408 0.07123287671232888
0 0.623373287671233 0.6452054794520548 0.04469178082191782 0.057534246575342396
0 0.12868150684931506 0.8397260273972603 0.04469178082191782 0.057534246575342396
0 0.19186643835616438 0.7356164383561642 0.04469178082191782 0.057534246575342396
0 0.02234589041095891 0.8698630136986302 0.04469178082191782 0.057534246575342396
0 0.5786815068493151 0.6178082191780822 0.04469178082191782 0.057534246575342396
3 0.9839041095890412 0.7977168880096854 0.03219178082191789 0.05570774862211053
