3 0.5836365866374215 0.8198428233156744 0.07637447830768337 0.08248126421598201
3 0.5058345479875382 0.8058844555252773 0.07637447830768337 0.08248126421598201
3 0.48299358251234303 0.7779677199444837 0.07637447830768337 0.08248126421598201
3 0.808477340533873 0.6802591454117045 0.07637447830768337 0.08248126421598201
3 0.3057605493729385 0.773177286392907 0.07637447830768337 0.08248126421598201
3 0.31919144710789416 0.7182598378766443 0.07637447830768337 0.08248126421598201
3 0.07206292878471106 0.8567473167437422 0.07637447830768337 0.08248126421598201
3 0.18891173907882478 0.8400333106735749 0.07637447830768337 0.08248126421598201
3 0.16742230270289582 0.797054437921717 0.07637447830768337 0.08248126421598201
3 0.22786134251019605 0.766014140934264 0.07637447830768337 0.08248126421598201
3 0.1445897765534713 0.8997261894956 0.07637447830768337 0.08248126421598201
3 0.12444342995103792 0.6490160984430955 0.07637447830768337 0.08248126421598201
3 0.15264831519444466 0.7421369894054544 0.07637447830768337 0.08248126421598201
3 0.11101253221608232 0.806605298533241 0.07637447830768337 0.08248126421598201
3 0.7449509053059867 0.7373615590996923 0.07637447830768337 0.08248126421598201
2 0.32167000075218666 0.8495739453684972 0.21892363307977633 0.10505946672676375
2 0.8401026533214728 0.7377492796362968 0.049694321619335825 0.09471271320882693
2 0.05305204605307465 0.7767486332056258 0.10610409210614927 0.13132433340845498
1 0.8226424862660306 0.8125643604988417 0.047008142072344584 0.05014201821050093
1 0.39822611784143364 0.6812400270903868 0.047008142072344584 0.05014201821050093
1 0.5943172247717855 0.7385451907595307 0.047008142072344584 0.05014201821050093
