2 0.958390410958904 0.7082191780821916 0.08321917808219162 0.1342465753424656
2 0.05470890410958909 0.765753424657534 0.10941780821917818 0.10136986301370036
2 0.5023972602739727 0.7986301369863014 0.21575342465753433 0.13424657534246578
3 0.8584668895315225 0.7135770953385614 0.06230675654807134 0.06499769507775895
3 0.6660514957761485 0.7751138232650302 0.06230675654807134 0.06499769507775895
3 0.6451810430143223 0.7307711810827218 0.06230675654807134 0.06499769507775895
3 0.3029382598688376 0.7747270048619154 0.06230675654807134 0.06499769507775895
3 0.718482145397322 0.791402957127919 0.06230675654807134 0.06499769507775895
3 0.18005733660872142 0.8380956234727301 0.06230675654807134 0.06499769507775895
3 0.058114435663568005 0.9581624797879579 0.06230675654807134 0.06499769507775895
3 0.14253644401021265 0.9548272893347572 0.06230675654807134 0.06499769507775895
3 0.06843268112815791 0.8647771470983363 0.06230675654807134 0.06499769507775895
3 0.32451277311298005 0.7080231957978999 0.06230675654807134 0.06499769507775895
3 0.2325865862466337 0.7597186478225118 0.06230675654807134 0.06499769507775895
3 0.16598700188428064 0.8014085284875216 0.06230675654807134 0.06499769507775895
3 0.11439577456133111 0.8080789093939231 0.06230675654807134 0.06499769507775895
3 0.3620336657114888 0.8147492903003246 0.06230675654807134 0.06499769507775895
1 0.37161503634121656 0.7054328289557793 0.02382398025939487 0.07220965965689075
1 0.7616150484061299 0.7035712266835483 0.04278041016303476 0.0656830539876897
