3 0.5363013698630137 0.8410958904109588 0.06472602739726037 0.0602739726027393
3 0.5871575342465755 0.7643835616438355 0.06472602739726037 0.0602739726027393
3 0.5085616438356165 0.8054794520547943 0.06472602739726037 0.0602739726027393
3 0.7875 0.6958904109589039 0.06472602739726037 0.0602739726027393
3 0.22500000000000003 0.8684931506849314 0.06472602739726037 0.0602739726027393
3 0.3513698630136987 0.843835616438356 0.06472602739726037 0.0602739726027393
3 0.05856164383561649 0.9698630136986304 0.06472602739726037 0.0602739726027393
3 0.22037671232876718 0.746575342465753 0.05856164383561648 0.04657534246575329
3 0.31592465753424664 0.7041095890410958 0.06472602739726037 0.0602739726027393
3 0.16181506849315078 0.7931506849315064 0.05856164383561648 0.04657534246575329
3 0.30051369863013705 0.7630136986301366 0.05856164383561648 0.04657534246575329
3 0.2095890410958904 0.8082191780821917 0.06472602739726037 0.0602739726027393
3 0.06010273972602743 0.8602739726027387 0.040068493150685 0.06027397260273925
3 0.45000000000000007 0.7726027397260272 0.06472602739726037 0.0602739726027393
3 0.924486301369863 0.6794520547945194 0.040068493150685 0.06027397260273925
3 0.15256849315068496 0.7506849315068483 0.040068493150685 0.06027397260273925
0 0.3845034246575342 0.810958904109589 0.032363013698630066 0.0547945205479452
0 0.10248287671232874 0.8602739726027397 0.032363013698630066 0.0547945205479452
0 0.18416095890410955 0.7424657534246575 0.032363013698630066 0.0547945205479452
0 0.016181506849315033 0.8630136986301369 0.032363013698630066 0.0547945205479452
0 0.9161815068493149 0.7068493150684931 0.032363013698630066 0.0547945205479452
0 0.9038527397260274 0.7123287671232876 0.032363013698630066 0.0547945205479452
0 0.6249143835616437 0.7753424657534248 0.032363013698630066 0.05479452054794521
3 0.11095890410958907 0.8027397260273962 0.040068493150685 0.06027397260273925
3 0.8890410958904108 0.7287671232876701 0.040068493150685 0.06027397260273925
3 0.9799657534246574 0.6904109589041084 0.040068493150685 0.06027397260273925
1 0.7027397260273972 0.7410958904109589 0.033904109589040984 0.04657534246575338
1 0.7320205479452053 0.7109589041095891 0.033904109589040984 0.04657534246575338
1 0.7474315068493153 0.765753424657534 0.033904109589040984 0.04657534246575338
1 0.7736301369863015 0.7520547945205479 0.033904109589040984 0.04657534246575338
1 0.8306506849315067 0.6972602739726028 0.033904109589040984 0.04657534246575338
1 0.8506849315068493 0.754794520547945 0.033904109589040984 0.04657534246575338
1 0.895376712328767 0.7767123287671234 0.033904109589040984 0.04657534246575338
1 0.675 0.7684931506849315 0.033904109589040984 0.04657534246575338
4 0.3452054794520547 0.7643835616438355 0.015410958904109578 0.049315068493150566
4 0.7767123287671233 0.4342465753424658 0.015410958904109578 0.03013698630136986
