3 0.8237157534246574 0.7424657534246575 0.08784246575342465 0.06575342465753423
3 0.9192636986301369 0.6849315068493149 0.08784246575342465 0.06575342465753423
3 0.8083047945205479 0.6958904109589042 0.08784246575342465 0.06575342465753423
3 0.20111301369863013 0.8849315068493152 0.08784246575342465 0.06575342465753423
3 0.6118150684931508 0.8 0.05547945205479426 0.05479452054794495
3 0.7559075342465752 0.8082191780821918 0.08784246575342465 0.06575342465753423
3 0.46541095890410966 0.7863013698630137 0.05547945205479426 0.05479452054794495
3 0.3005136986301371 0.7616438356164383 0.05547945205479426 0.05479452054794495
3 0.3205479452054796 0.7123287671232876 0.05547945205479426 0.05479452054794495
3 0.22654109589041105 0.7643835616438355 0.05547945205479426 0.05479452054794495
3 0.1772260273972604 0.8356164383561644 0.05547945205479426 0.05479452054794495
3 0.16643835616438366 0.7890410958904108 0.05547945205479426 0.05479452054794495
3 0.15256849315068505 0.7452054794520548 0.05547945205479426 0.05479452054794495
3 0.12020547945205491 0.7945205479452053 0.05547945205479426 0.05479452054794495
3 0.30282534246575354 0.5205479452054793 0.032363013698629865 0.038356164383561146
3 0.5763698630136986 0.7726027397260273 0.05547945205479426 0.05479452054794495
3 0.059332191780822045 0.854794520547945 0.032363013698629865 0.038356164383561146
0 0.675 0.7438356164383562 0.03698630136986296 0.057534246575342535
0 0.10479452054794518 0.8561643835616439 0.03698630136986296 0.057534246575342535
0 0.01849315068493148 0.8616438356164384 0.03698630136986296 0.057534246575342535
0 0.19263698630136983 0.7328767123287672 0.03698630136986296 0.057534246575342535
0 0.6904109589041095 0.7849315068493151 0.03698630136986296 0.057534246575342535
1 0.5039383561643835 0.606849315068493 0.046232876712328876 0.057534246575342396
1 0.8553082191780823 0.8068493150684932 0.046232876712328876 0.057534246575342396
2 0.042380136986301345 0.7698630136986313 0.08476027397260269 0.07123287671232903
2 0.3505993150684931 0.832876712328767 0.2080479452054794 0.08219178082191775
