3 0.6873287671232876 0.7136986301369862 0.05547945205479451 0.057534246575342396
3 0.6919520547945206 0.678082191780822 0.05547945205479451 0.057534246575342396
3 0.6226027397260274 0.7191780821917808 0.05547945205479451 0.057534246575342396
3 0.9722602739726028 0.8041095890410958 0.05547945205479451 0.057534246575342396
3 0.9601027397260273 0.7493150684931507 0.05547945205479451 0.057534246575342396
3 0.9722602739726028 0.6808219178082191 0.05547945205479451 0.057534246575342396
3 0.8660958904109589 0.7465753424657535 0.05547945205479451 0.057534246575342396
3 0.8660958904109589 0.7219178082191781 0.05547945205479451 0.057534246575342396
3 0.8892123287671234 0.7 0.05547945205479451 0.057534246575342396
3 0.5625 0.6342465753424658 0.05547945205479451 0.057534246575342396
3 0.5825342465753425 0.6589041095890411 0.05547945205479451 0.057534246575342396
3 0.47465753424657536 0.667123287671233 0.05547945205479451 0.057534246575342396
3 0.49931506849315066 0.636986301369863 0.05547945205479451 0.057534246575342396
3 0.43304794520547946 0.6205479452054794 0.05547945205479451 0.057534246575342396
3 0.41455479452054794 0.584931506849315 0.05547945205479451 0.057534246575342396
3 0.07474315068493156 0.8643835616438358 0.07859589041095888 0.08493150684931561
3 0.30976027397260275 0.7164383561643833 0.05547945205479451 0.057534246575342396
3 0.22191780821917806 0.754794520547945 0.05547945205479451 0.057534246575342396
3 0.21113013698630134 0.810958904109589 0.07705479452054786 0.05479452054794508
3 0.1602739726027397 0.7876712328767124 0.05547945205479451 0.057534246575342396
3 0.14794520547945203 0.7575342465753425 0.05547945205479451 0.057534246575342396
3 0.10941780821917807 0.7986301369863014 0.05547945205479451 0.057534246575342396
3 0.7736301369863015 0.7082191780821918 0.05547945205479451 0.057534246575342396
0 0.1941780821917808 0.7383561643835617 0.046232876712328765 0.07397260273972606
0 0.018493150684931504 0.8616438356164382 0.03698630136986301 0.07397260273972603
0 0.1448630136986301 0.8342465753424656 0.046232876712328765 0.07397260273972606
3 0.339041095890411 0.7410958904109589 0.05547945205479451 0.057534246575342396
3 0.5632705479452055 0.8452054794520548 0.03544520547945204 0.07945205479452057
3 0.544777397260274 0.7794520547945205 0.03544520547945204 0.07945205479452057
0 0.5170696858194235 0.5487851110829791 0.01874928089189588 0.03292054806807507
0 0.4895244459905889 0.5228601794793698 0.01874928089189588 0.03292054806807507
3 0.4956584699860857 0.5570152480999977 0.02407315077477989 0.03538958917318077
1 0.2873117271069503 0.5245191608939145 0.012677709966476663 0.030773244704951633
1 0.3192498041378818 0.5357882364196713 0.012677709966476663 0.030773244704951633
1 0.35703913192257164 0.4959130460977621 0.012677709966476663 0.030773244704951633
1 0.45499110736501586 0.5010867669659186 0.012677709966476663 0.030773244704951633
1 0.4678401827093126 0.5182188674249808 0.012677709966476663 0.030773244704951633
1 0.5960433864746183 0.7745312969513527 0.020930076491920916 0.04077611322064342
1 0.2743902150257337 0.5175843451857562 0.012677709966476663 0.030773244704951637
1 0.632073607343776 0.6799868662734434 0.020930076491920916 0.04077611322064342
1 0.5433663858432176 0.6878719526290488 0.020930076491920916 0.04077611322064342
