3 0.5905627725314142 0.774409568398215 0.037470871125889 0.06762419839554369
3 0.4906404495290437 0.8142775659597666 0.04428375678514151 0.07267078036536034
3 0.5408854812660312 0.722429774109103 0.03576764971107572 0.06257761642572703
3 0.4895049685858349 0.6977015224570011 0.040877313955515075 0.05147513609213036
3 0.48978883882163715 0.6093863379852089 0.03463216876786703 0.04239128854646026
3 0.5071049232055707 0.659852157683376 0.0363353901826801 0.044409921334386766
3 0.5289629313623392 0.6376471970161824 0.03349668782465819 0.04239128854646026
3 0.5726789476758763 0.6315912986524025 0.03917409254070215 0.04239128854646026
3 0.5570660847067559 0.6815524601535877 0.05223212338760263 0.045419237728350194
3 0.8115101634273466 0.7231751962747316 0.04882568055797648 0.0413819721524969
3 0.9741678085420008 0.6905406303030927 0.051664382915998314 0.050802253362506065
3 0.8066843694187094 0.6792699331373265 0.06074823046166841 0.034316757394753525
2 0.688385321820308 0.7231751962747316 0.19587046270351025 0.09386642463859049
2 0.9196647232679805 0.7707812836231781 0.1606705534640389 0.12448235012182962
3 0.07664496366659099 0.8543863274899658 0.07267078036536036 0.04945650330420363
3 0.10957391101964489 0.8019018750038722 0.04541923772835025 0.03330744100079017
3 0.17145762242452206 0.7872667872914039 0.0760772231949866 0.030279491818900085
3 0.2137542875590482 0.803920507791799 0.08005140649621727 0.05147513609213021
3 0.2268123184059489 0.7514360553057053 0.05052890197278959 0.03936333936457018
3 0.31452822126882524 0.7115680577441534 0.04428375678514143 0.0363353901826801
3 0.34518620673546185 0.7312497274264383 0.049961161501185104 0.04743787051627778
3 0.15263974452970322 0.7507447213523247 0.04449645689242271 0.029539138752775643
0 0.19023643437235152 0.7374771420820102 0.031823415372428915 0.04305704970743576
0 0.1396931801843078 0.8338162879394954 0.03980893735822242 0.05919066241545806
