3 0.29666095890410954 0.7643835616438355 0.0693493150684931 0.06575342465753423
3 0.7482020547945205 0.7260273972602741 0.0693493150684931 0.06575342465753423
3 0.9146404109589042 0.6986301369863014 0.0693493150684931 0.06575342465753423
3 0.47234589041095887 0.7863013698630138 0.0693493150684931 0.06575342465753423
3 0.17337328767123286 0.8273972602739726 0.0693493150684931 0.06575342465753423
3 0.07936643835616436 0.8602739726027397 0.0693493150684931 0.06575342465753423
3 0.30744863013698626 0.7095890410958904 0.0693493150684931 0.06575342465753423
3 0.1502568493150685 0.7506849315068493 0.041609589041095824 0.06575342465753395
3 0.8067636986301369 0.7808219178082192 0.0693493150684931 0.06575342465753423
3 0.8067636986301369 0.7808219178082192 0.0693493150684931 0.06575342465753423
3 0.8067636986301369 0.7808219178082192 0.0693493150684931 0.06575342465753423
0 0.18643381813892235 0.7360605316269485 0.027736858065866024 0.038386875297907325
3 0.22604594259979283 0.7490633529018598 0.04290615904656242 0.04576656964966645
2 0.06318493150684927 0.760273972602739 0.11404109589041087 0.08493150684931497
2 0.6064212328767122 0.7712328767123288 0.20188356164383553 0.12876712328767126
