2 0.050856164383561685 0.7657534246575343 0.10171232876712337 0.09589041095890403
2 0.5085616438356165 0.7931506849315069 0.22500000000000006 0.12876712328767126
3 0.18339041095890407 0.8342465753424658 0.07705479452054803 0.057534246575342535
3 0.8892123287671234 0.7849315068493151 0.07705479452054803 0.057534246575342535
3 0.7011986301369862 0.8013698630136987 0.07705479452054803 0.057534246575342535
3 0.30359589041095886 0.7684931506849315 0.07705479452054803 0.057534246575342535
3 0.32208904109589037 0.7164383561643836 0.07705479452054803 0.057534246575342535
3 0.7674657534246575 0.7493150684931507 0.07705479452054803 0.057534246575342535
3 0.17414383561643831 0.7931506849315069 0.07705479452054803 0.057534246575342535
3 0.2219178082191779 0.7520547945205479 0.05239726027397257 0.041095890410958937
3 0.10941780821917803 0.7904109589041096 0.07705479452054803 0.057534246575342535
3 0.9614726027397259 0.6698630136986301 0.07705479452054803 0.057534246575342535
3 0.9892123287671234 0.7109589041095894 0.021575342465753385 0.05753424657534251
3 0.058561643835616406 0.8589041095890402 0.03698630136986311 0.057534246575342535
3 0.9470034246575341 0.4232876712328765 0.047773972602739766 0.057534246575342535
3 0.7011986301369862 0.7246575342465753 0.07705479452054803 0.057534246575342535
0 0.8768835616438355 0.7054794520547945 0.05239726027397253 0.057534246575342535
0 0.09863013698630134 0.8616438356164384 0.05239726027397253 0.057534246575342535
0 0.19263698630136983 0.7383561643835617 0.05239726027397253 0.057534246575342535
0 0.018493150684931473 0.8589041095890412 0.036986301369862945 0.057534246575342535
0 0.8476027397260273 0.7438356164383562 0.05239726027397253 0.057534246575342535
1 0.9277397260273972 0.7520547945205479 0.03698630136986296 0.052054794520547884
1 0.9785958904109588 0.7712328767123288 0.03698630136986296 0.052054794520547884
1 0.4638698630136986 0.6342465753424658 0.03698630136986296 0.052054794520547884
1 0.7982876712328766 0.7958904109589041 0.03698630136986296 0.052054794520547884
