3 0.6499019909865495 0.6999958245833124 0.05371755298729383 0.05286489341606696
3 0.6633313792333729 0.6693000800191444 0.05371755298729383 0.05286489341606696
3 0.5674071774703484 0.7017011437257659 0.05371755298729383 0.05286489341606696
3 0.5549370312411552 0.6539522077370605 0.05371755298729383 0.05286489341606696
3 0.542466885011962 0.6164351866030775 0.05371755298729383 0.05286489341606696
3 0.47819766983073536 0.6147298674606237 0.05371755298729383 0.05286489341606696
3 0.44846116728419794 0.648836250309699 0.05371755298729383 0.05286489341606696
3 0.41488769666713926 0.6044979526059011 0.05371755298729383 0.05286489341606696
3 0.3928251302616437 0.5738022080417332 0.05371755298729383 0.05286489341606696
3 0.9539817105753379 0.7937883774182698 0.08249481351620211 0.05627553170097449
3 0.8427096365302288 0.734102207432388 0.05371755298729383 0.05286489341606696
3 0.828321006265775 0.7187543351503038 0.05371755298729383 0.05286489341606696
3 0.8475058466183799 0.694879867155951 0.05371755298729383 0.05286489341606696
3 0.7803589053842629 0.4561351872124233 0.05371755298729383 0.05286489341606696
3 0.4374298840814502 0.4459032723577004 0.02206256640549499 0.042632978561344625
3 0.7333560465203809 0.70340646286822 0.05371755298729383 0.05286489341606696
3 0.3208819789393754 0.7076697607243533 0.06139148912833543 0.057980850843429695
3 0.5463038530824832 0.7639452924253285 0.03453271263468841 0.06139148912833601
3 0.21392649397360336 0.8040202922729914 0.08153557149857012 0.06309680827079114
3 0.22975398726450214 0.7588293349979663 0.06139148912833543 0.057980850843429695
3 0.28059381419890517 0.74689210100079 0.06139148912833543 0.057980850843429695
3 0.16740325611853618 0.7844091221347729 0.06139148912833543 0.057980850843429695
3 0.07147905435551166 0.8585905048315118 0.07482087737515891 0.06991808484060603
3 0.11128759808716694 0.8040202922729912 0.04892134289914245 0.04604361684625277
3 0.1506165208100071 0.7562713562842859 0.052758310969663616 0.04263297856134543
3 0.34102606130961055 0.7417761435734288 0.06139148912833543 0.057980850843429695
3 0.9300006601345813 0.7460394414295638 0.06139148912833583 0.05286489341606693
3 0.9731412235063533 0.6675947608766907 0.05371755298729383 0.05286489341606696
3 0.9731412235063533 0.7153436968653963 0.05371755298729383 0.05286489341606696
3 0.9127343038172367 0.6693000800191444 0.05371755298729383 0.05286489341606696
3 0.8369541844244472 0.7579766754267407 0.05371755298729383 0.05286489341606696
5 0.7364281271990669 0.6597070788350118 0.048023924752089754 0.03870372602242497
5 0.5003332154560589 0.5788020869190005 0.027936006799433956 0.04161038850606367
3 0.4963841307104201 0.546571824386917 0.02212171205530744 0.04013008989624936
0 0.4832916888817689 0.5144677524699176 0.01670414991931395 0.036919682704549504
0 0.5166999887203964 0.5425588153972921 0.01670414991931395 0.036919682704549504
1 0.4519149748441388 0.4859753886435804 0.013543905339984195 0.03130147011907454
1 0.6048358902622557 0.6688346115285704 0.013543905339984195 0.03130147011907454
1 0.5922192386591264 0.7622912900702662 0.020553156230611644 0.051238894874636835
1 0.5046036025262862 0.6731959231938491 0.028964257299364356 0.04002409344963211
1 0.4618471720934605 0.5068430353896302 0.013543905339984192 0.03130147011907454
