3 0.43359707436593353 0.46061668247177 0.01623257585819189 0.024418233769587797
3 0.44452284657817814 0.48614483595815733 0.01623257585819189 0.024418233769587797
3 0.4599750101354952 0.524437066187738 0.02216370934483915 0.035517430937582646
3 0.4236077969147386 0.4384182881357812 0.01623257585819189 0.0244182337695878
3 0.4780805755157862 0.5055684310021474 0.02216370934483915 0.035517430937582646
3 0.45716552585234665 0.5627292964173188 0.02216370934483915 0.035517430937582646
3 0.5183498502409162 0.5621743365589191 0.02216370934483915 0.035517430937582646
3 0.5111700570728698 0.5932520886293036 0.02216370934483915 0.035517430937582646
3 0.2717683158343527 0.517419946560958 0.02216370934483915 0.035517430937582646
5 0.4872894406661068 0.5460805006653273 0.02185154442448912 0.051056306972774544
3 0.28085572800863745 0.5053033969952451 0.02216370934483915 0.035517430937582646
3 0.5925955540770527 0.6860821540856084 0.05295327392782219 0.05265730078399829
3 0.4362504761889071 0.5238821063293383 0.02216370934483915 0.035517430937582646
3 0.6498206034030021 0.6910582453313434 0.05295327392782219 0.05265730078399829
3 0.7601364086438055 0.6997194612383811 0.06203122467111906 0.04928700132593853
3 0.5291503906939348 0.6882937501948239 0.05295327392782219 0.05265730078399829
3 0.6916508704374595 0.7115155093415882 0.0681925533678851 0.05265730078399862
3 0.7985262259082626 0.6912937125932328 0.06203122467111906 0.04928700132593853
3 0.9741978196386261 0.6870808382706599 0.05160436072274794 0.04928700132593846
3 0.9113259358951861 0.6959278743480647 0.06203122467111911 0.031592929171127236
3 0.7762506529276517 0.7334224558189745 0.06203122467111906 0.04928700132593853
3 0.5127973860032763 0.7901562551420811 0.03878410772131033 0.06964075906977973
3 0.5264964484252515 0.7428014714611799 0.03878410772131033 0.06964075906977973
3 0.5801511095779869 0.7522724281973601 0.03878410772131033 0.06964075906977973
3 0.3212078413630697 0.7092303920658383 0.06108737261515059 0.04697855372151424
3 0.28482996778326086 0.7427865018669196 0.06108737261515059 0.04697855372151424
3 0.21307240140857955 0.8070174896925901 0.0808307818068454 0.06502967069678016
3 0.07627878058040867 0.8581623211225038 0.07688209996850645 0.069041030024616
3 0.11181691712545923 0.8020032905327936 0.06108737261515059 0.04697855372151424
3 0.1676625602676816 0.7879635328853664 0.06108737261515059 0.04697855372151424
3 0.22632869043728893 0.7518612989348387 0.06108737261515059 0.04697855372151424
3 0.15073963810337185 0.7448414201111252 0.046420840072748916 0.03293879607408744
3 0.34591734039841143 0.7318045022956565 0.06108737261515059 0.04697855372151424
0 0.19066492305122384 0.7335773370780815 0.03497403913957376 0.051144831429914585
0 0.14102435136924832 0.832858480442032 0.045127792438159474 0.06117322974950497
2 0.9209132934760291 0.7756766595800968 0.1581734130479417 0.13254088742255632
0 0.5913465670266027 0.6472468395131363 0.034964649200071134 0.03946627070202055
0 0.6990154867855523 0.6768465425396518 0.034964649200071134 0.03946627070202055
