2 0.861735065722832 0.7633921144261478 0.22119055883438904 0.1291539528938499
3 0.43450255492595685 0.5006763588117132 0.017289106897577327 0.025883107402221054
3 0.45907128578040896 0.4772197927284506 0.017289106897577327 0.025883107402221054
3 0.45634142679658085 0.49986751170539384 0.017289106897577327 0.025883107402221054
3 0.4467869203531829 0.5289860075328925 0.017289106897577327 0.025883107402221054
3 0.5027490295216569 0.5208975364696986 0.017289106897577327 0.025883107402221054
3 0.560758532928001 0.6697254040324718 0.045952626227771166 0.0469131321665234
3 0.4354125079205662 0.4586163092831042 0.017289106897577327 0.025883107402221057
3 0.5270902721274566 0.5512293029566763 0.022293848367928564 0.02992734293381828
3 0.5261803191328468 0.6240255425254237 0.022293848367928564 0.039633508209650156
3 0.7174979362494593 0.697226205647329 0.06369670962265284 0.05014852059180023
3 0.4720381159535913 0.6470776850555279 0.05232229719003676 0.05014852059180025
3 0.62877751927505 0.6571882738845166 0.0436777437412491 0.046104285060202914
3 0.6624457800755947 0.7117854535610781 0.06369670962265284 0.05014852059180023
3 0.6235452895560462 0.686306769712017 0.05050239120081864 0.046104285060202914
3 0.5669007156416148 0.7190650775179535 0.040037931762810716 0.0469131321665256
3 0.5305025958572416 0.7700224452160762 0.05550713267116933 0.05823699165499718
3 0.7674512350374286 0.6777818020219448 0.0563027697483939 0.03060193005432879
3 0.8755601203650148 0.6910935870602575 0.0667026444152944 0.042077653824701994
3 0.9720279233097152 0.6813179688937759 0.055944153380569614 0.058228669221789604
3 0.3232680300970121 0.7120161134880106 0.061029952584686666 0.04746774089920067
3 0.2908458677863973 0.7459216427017256 0.061029952584686666 0.04746774089920067
3 0.22981591520171069 0.7510074720837827 0.061029952584686666 0.04746774089920067
3 0.07104267918061181 0.8535716979552701 0.07914821975826536 0.06611578196674422
3 0.34615426231626956 0.7340547074769254 0.061029952584686666 0.04746774089920067
3 0.1077560100323378 0.7984752129829833 0.04767965045678688 0.040686635056457685
3 0.21312803754183537 0.8077992335167552 0.07914821975826536 0.06611578196674422
3 0.16735557310332058 0.7840653630671547 0.06579791763036551 0.049163017359886735
3 0.15638925349825994 0.7450740044713825 0.038143720365429686 0.03221025275302944
0 0.1883346193043067 0.740835813319668 0.03337575531975093 0.0610299525846862
0 0.1416085618566557 0.8366189333484126 0.04291168541110783 0.07628744073085812
