3 0.34774841207497387 0.7298749941649639 0.0528894923307945 0.03996094976104473
3 0.28758661454869516 0.7463295028901002 0.0528894923307945 0.03996094976104473
3 0.2247803424058767 0.7533814352008728 0.0528894923307945 0.03996094976104473
3 0.15040449381569743 0.7463295028900986 0.04826166175185007 0.05171417027899681
3 0.31535359802236224 0.7098945192844417 0.0528894923307945 0.03996094976104473
3 0.21387188461265055 0.8062709275316667 0.08263983176686604 0.06346739079695263
3 0.07437584859018018 0.8556344537070748 0.07338417060897713 0.058766102589770525
3 0.16362686689839606 0.7839398085475524 0.04826166175185007 0.05171417027899681
3 0.10941513725933168 0.8050956054798704 0.04826166175185007 0.05171417027899681
0 0.18940533397596648 0.7360973622079507 0.03904741824939604 0.06581152166709174
0 0.14173705715202842 0.8361669362496926 0.03904741824939604 0.06581152166709174
2 0.06456212917174536 0.7598160540163091 0.1291242583434907 0.07115334285102563
3 0.31922986732323766 0.5235950712250025 0.026856130173014917 0.03501243637370834
3 0.45744941728035476 0.53855493040286 0.026856130173014928 0.04074174414395123
3 0.3031161892194287 0.5414195842879813 0.026856130173014917 0.03501243637370834
3 0.4800085666256873 0.5735673667765684 0.026856130173014928 0.04074174414395123
3 0.48681211960285103 0.6238579572042585 0.026856130173014928 0.04074174414395123
3 0.5057904515917816 0.5551062639613403 0.026856130173014928 0.04074174414395123
3 0.5462536877191243 0.6200384186907629 0.026856130173014928 0.04074174414395123
3 0.5720355726852207 0.8056043314714217 0.039030909184777876 0.07448100101315272
5 0.5251268653163524 0.5917101747156717 0.025423803230454144 0.046471051914194705
3 0.4370387583488633 0.5742039565288176 0.026856130173014928 0.04074174414395123
3 0.56678581168568 0.6906544373763951 0.025691553731774928 0.04205517551287647
3 0.4961222447294984 0.8259752035433974 0.039030909184777876 0.07448100101315272
3 0.5647640938095067 0.6514345954985384 0.03865690763932442 0.03920137112720219
3 0.582711368706104 0.7363893703581297 0.039030909184777876 0.07448100101315272
3 0.6838461407745262 0.7007850048418359 0.05172403134839164 0.054204365015390436
3 0.8380654237159162 0.7489397755474745 0.0656078502892765 0.04307311148544597
3 0.6394723665124851 0.7065926153791992 0.051724031348391646 0.054204365015390436
3 0.7494539910638021 0.7307909926182131 0.06914686296048113 0.054204365015390436
3 0.8622940489264803 0.6978811995731568 0.05471858053172304 0.05226849483626996
3 0.909390140627909 0.7416802623757706 0.0656078502892765 0.04307311148544597
3 0.8111144810659647 0.7111903070546133 0.0656078502892765 0.04307311148544597
3 0.9726407097341385 0.7090124531031029 0.05471858053172304 0.05226849483626996
3 0.9129291532991164 0.7646687207528347 0.05471858053172304 0.05226849483626996
0 0.968102483702945 0.785559985205054 0.0637950325941097 0.10760211499456114
0 0.6706889044347031 0.6725996990342324 0.03226682014462483 0.039082644180058426
0 0.7483420210464926 0.6940321168103933 0.03226682014462483 0.039082644180058426
1 0.4253192391590941 0.6332018722398183 0.021629406910133184 0.04601666169587524
