3 0.5293664383561644 0.7972602739726026 0.0662671232876712 0.06027397260273973
3 0.5571061643835616 0.8273972602739724 0.0662671232876712 0.06027397260273973
3 0.61875 0.7561643835616436 0.0662671232876712 0.06027397260273973
3 0.37988013698630135 0.8383561643835615 0.0662671232876712 0.06027397260273973
3 0.19957191780821915 0.8246575342465752 0.0662671232876712 0.06027397260273973
3 0.11789383561643833 0.9698630136986301 0.0662671232876712 0.06027397260273973
3 0.04083904109589037 0.9589041095890412 0.08167808219178074 0.08219178082191761
3 0.8190924657534246 0.7013698630136984 0.0662671232876712 0.06027397260273973
3 0.9830479452054791 0.6794520547945204 0.0339041095890407 0.060273972602739694
3 0.9100171232876713 0.7438356164383557 0.05085616438356161 0.03013698630137031
3 0.31746575342465744 0.7150684931506845 0.055479452054794355 0.043835616438356456
3 0.48467465753424654 0.7616438356164381 0.0662671232876712 0.06027397260273973
3 0.1433219178082191 0.6438356164383556 0.04931506849315051 0.043835616438356456
3 0.30205479452054784 0.7643835616438353 0.055479452054794355 0.043835616438356456
3 0.16875 0.7972602739726026 0.0662671232876712 0.06027397260273973
3 0.22885273972602735 0.7643835616438355 0.0662671232876712 0.06027397260273973
3 0.10710616438356156 0.7986301369863014 0.050856164383561525 0.052054794520548425
3 0.06087328767123286 0.8493150684931501 0.03852739726027394 0.060273972602739784
3 0.2858732876712329 0.8465753424657533 0.0662671232876712 0.06027397260273973
1 0.7320205479452053 0.7328767123287672 0.0431506849315069 0.046575342465753525
1 0.7628424657534245 0.7219178082191782 0.0431506849315069 0.046575342465753525
1 0.7674657534246575 0.7767123287671234 0.0431506849315069 0.046575342465753525
1 0.8044520547945205 0.7575342465753425 0.0431506849315069 0.046575342465753525
1 0.936986301369863 0.7958904109589042 0.0431506849315069 0.046575342465753525
1 0.8784246575342465 0.773972602739726 0.0431506849315069 0.046575342465753525
1 0.7027397260273972 0.7602739726027398 0.0431506849315069 0.046575342465753525
0 0.9277397260273972 0.7219178082191781 0.040068493150684927 0.041095890410958874
0 0.9261986301369862 0.6972602739726027 0.040068493150684927 0.041095890410958874
0 0.020034246575342463 0.8589041095890412 0.040068493150684927 0.041095890410958874
0 0.18955479452054802 0.732876712328767 0.040068493150684927 0.041095890410958874
0 0.41609589041095896 0.8041095890410959 0.040068493150684927 0.041095890410958874
0 0.6549657534246575 0.7712328767123288 0.040068493150684927 0.041095890410958874
0 0.09863013698630145 0.8561643835616438 0.040068493150684927 0.041095890410958874
3 0.0816780821917807 0.7041095890410953 0.04931506849315051 0.043835616438356456
3 0.15102739726027384 0.7452054794520542 0.04931506849315051 0.043835616438356456
