3 0.32979452054794534 0.7465753424657535 0.049315068493150635 0.06301369863013705
3 0.5101027397260275 0.6972602739726028 0.049315068493150635 0.06301369863013705
3 0.5594178082191782 0.6698630136986301 0.049315068493150635 0.06301369863013705
3 0.6102739726027399 0.6479452054794521 0.049315068493150635 0.06301369863013705
3 0.6364726027397261 0.667123287671233 0.049315068493150635 0.06301369863013705
3 0.752054794520548 0.7301369863013691 0.06472602739725973 0.06301369863013703
3 0.448458904109589 0.6068493150684932 0.049315068493150635 0.06301369863013705
3 0.7443493150684932 0.6890410958904103 0.06472602739725973 0.06301369863013703
3 0.8321917808219179 0.727397260273972 0.06472602739725973 0.06301369863013703
3 0.9431506849315069 0.7849315068493143 0.06472602739725973 0.06301369863013703
3 0.9092465753424658 0.7575342465753419 0.06472602739725973 0.06301369863013703
3 0.9200342465753425 0.7328767123287665 0.06472602739725973 0.06301369863013703
3 0.9261986301369863 0.716438356164383 0.06472602739725973 0.06301369863013703
3 0.9676369863013702 0.686301369863013 0.06472602739725973 0.06301369863013703
3 0.5440068493150684 0.8123287671232859 0.04315068493150606 0.06301369863013702
3 0.7273972602739727 0.7520547945205474 0.06472602739725973 0.06301369863013703
3 0.3190068493150686 0.7164383561643837 0.049315068493150635 0.06301369863013705
3 0.22500000000000014 0.7575342465753425 0.049315068493150635 0.06301369863013705
3 0.27739726027397277 0.743835616438356 0.049315068493150635 0.06301369863013705
3 0.2172945205479453 0.8150684931506847 0.07089041095890411 0.06301369863013703
3 0.16335616438356176 0.7876712328767124 0.049315068493150635 0.06301369863013705
1 0.4754769575693426 0.5362998061808417 0.016287768016215336 0.036144030445511864
3 0.11635273972602755 0.7986301369863016 0.05702054794520541 0.06301369863013685
3 0.07859589041095895 0.8589041095890407 0.08321917808219162 0.0794520547945204
3 0.4761986301369865 0.6479452054794521 0.049315068493150635 0.06301369863013705
0 0.1934075342465753 0.7397260273972601 0.03236301369863014 0.0547945205479452
0 0.1425513698630137 0.8410958904109589 0.03236301369863014 0.0547945205479452
0 0.5293664383561644 0.5726027397260274 0.03236301369863014 0.0547945205479452
0 0.5016267123287671 0.5424657534246575 0.03236301369863014 0.05479452054794521
3 0.15102739726027412 0.7493150684931507 0.049315068493150635 0.06301369863013705
3 0.4556308217567701 0.47751457703567496 0.031907730969242036 0.03184553266325899
1 0.3484058184462211 0.5124156566833975 0.016287768016215336 0.036144030445511864
1 0.35232431172314554 0.560183955678286 0.016287768016215336 0.036144030445511864
1 0.4334931010308663 0.44772941846115244 0.016287768016215336 0.036144030445511864
1 0.6725211909232581 0.699508161080044 0.029722602108527348 0.036144030445511836
1 0.4620421234770302 0.5263480772235734 0.016287768016215336 0.036144030445511864
1 0.6999506438617294 0.6985129881843173 0.029722602108527348 0.036144030445511836
1 0.5862602304497306 0.7947024837161174 0.029722602108527445 0.06306780701132585
1 0.613184007015545 0.7174212732031273 0.029722602108527348 0.036144030445511836
