3 0.9554794520547943 0.7986301369863014 0.06164383561643824 0.06849315068493148
3 0.8537671232876712 0.7465753424657534 0.06164383561643824 0.06849315068493148
3 0.43613013698630126 0.7876712328767124 0.06164383561643824 0.06849315068493148
3 0.4083904109589041 0.8342465753424658 0.06164383561643824 0.06849315068493148
3 0.2897260273972602 0.8315068493150685 0.06164383561643824 0.06849315068493148
3 0.14640410958904104 0.9315068493150679 0.08630136986301352 0.08219178082191729
3 0.9691780821917808 0.6863013698630137 0.06164383561643824 0.06849315068493148
3 0.7489726027397259 0.7164383561643836 0.06164383561643824 0.06849315068493148
3 0.297431506849315 0.7712328767123288 0.06164383561643824 0.06849315068493148
3 0.31592465753424653 0.7136986301369863 0.06164383561643824 0.06849315068493148
3 0.22962328767123283 0.7547945205479452 0.06164383561643824 0.06849315068493148
3 0.20188356164383553 0.8205479452054795 0.06164383561643824 0.06849315068493148
3 0.16643835616438352 0.7958904109589041 0.06164383561643824 0.06849315068493148
3 0.14948630136986296 0.7520547945205471 0.04623287671232863 0.06849315068493143
3 0.12020547945205473 0.7904109589041096 0.06164383561643824 0.06849315068493148
3 0.06087328767123281 0.8616438356164376 0.038527397260273835 0.06849315068493142
3 0.6226027397260273 0.6506849315068493 0.06164383561643824 0.06849315068493148
0 0.8059931506849314 0.6972602739726027 0.046232876712328806 0.0630136986301369
0 0.7566780821917807 0.6643835616438355 0.046232876712328806 0.0630136986301369
0 0.10325342465753426 0.8616438356164383 0.046232876712328806 0.0630136986301369
0 0.18801369863013698 0.732876712328767 0.046232876712328806 0.0630136986301369
1 0.023116438356164403 0.8698630136986302 0.046232876712328806 0.0630136986301369
0 0.48544520547945197 0.815068493150685 0.046232876712328806 0.0630136986301369
1 0.541695205479452 0.8095890410958905 0.041609589041095914 0.057534246575342535
1 0.6773116438356164 0.7410958904109589 0.041609589041095914 0.057534246575342535
1 0.688099315068493 0.7082191780821918 0.041609589041095914 0.057534246575342535
1 0.688099315068493 0.6726027397260275 0.041609589041095914 0.057534246575342535
1 0.580222602739726 0.7136986301369863 0.041609589041095914 0.057534246575342535
1 0.6079623287671233 0.7136986301369863 0.041609589041095914 0.057534246575342535
1 0.5694349315068493 0.645205479452055 0.041609589041095914 0.057534246575342535
1 0.5309075342465753 0.773972602739726 0.041609589041095914 0.057534246575342535
