3 0.8337328767123288 0.7452054794520548 0.05856164383561648 0.0547945205479452
3 0.8938356164383561 0.6821917808219178 0.05856164383561648 0.0547945205479452
3 0.7119863013698631 0.7808219178082192 0.05856164383561648 0.0547945205479452
3 0.6565068493150684 0.7534246575342465 0.05856164383561648 0.0547945205479452
3 0.5686643835616438 0.747945205479452 0.05856164383561648 0.0547945205479452
3 0.5085616438356164 0.7835616438356163 0.05856164383561648 0.0547945205479452
3 0.30205479452054795 0.76986301369863 0.05856164383561648 0.0547945205479452
3 0.31746575342465755 0.7123287671232876 0.05856164383561648 0.0547945205479452
3 0.49931506849315066 0.843835616438356 0.05856164383561648 0.0547945205479452
3 0.1803082191780822 0.8356164383561644 0.05856164383561648 0.0547945205479452
3 0.2219178082191781 0.7561643835616438 0.05856164383561648 0.0547945205479452
3 0.1618150684931507 0.8 0.05856164383561648 0.0547945205479452
3 0.15102739726027398 0.7561643835616438 0.05856164383561648 0.0547945205479452
3 0.9707191780821919 0.6712328767123288 0.05856164383561648 0.0547945205479452
3 0.11404109589041096 0.7972602739726027 0.05856164383561648 0.0547945205479452
3 0.060102739726027414 0.8575342465753417 0.03698630136986304 0.054794520547945195
3 0.7643835616438355 0.7287671232876712 0.05856164383561648 0.05479452054794521
0 0.1895547945205479 0.743835616438356 0.0523972602739726 0.06301369863013705
0 0.1047945205479452 0.8561643835616439 0.0523972602739726 0.06301369863013705
0 0.8969178082191782 0.7136986301369862 0.0523972602739726 0.06301369863013705
0 0.3436643835616438 0.8260273972602741 0.0523972602739726 0.06301369863013705
2 0.045462328767123285 0.7712328767123288 0.09092465753424657 0.06849315068493154
2 0.045462328767123285 0.9657534246575342 0.09092465753424657 0.06849315068493154
1 0.5393835616438356 0.5561643835616438 0.03698630136986296 0.043835616438356054
1 0.8845890410958904 0.7753424657534247 0.03698630136986296 0.043835616438356054
0 0.4145547945205479 0.8260273972602741 0.0523972602739726 0.06301369863013705
