2 0.26429794520547945 0.8739726027397261 0.19263698630136986 0.09863013698630141
2 0.053167808219178075 0.7753424657534239 0.10633561643835616 0.09863013698630133
2 0.8714897260273972 0.726027397260274 0.19263698630136986 0.09863013698630141
3 0.7089041095890412 0.7534246575342465 0.07089041095890408 0.07671232876712324
3 0.46541095890410955 0.8191780821917809 0.07089041095890408 0.07671232876712324
3 0.4407534246575342 0.7890410958904109 0.07089041095890408 0.07671232876712324
3 0.300513698630137 0.7643835616438355 0.07089041095890408 0.07671232876712324
3 0.31746575342465755 0.7041095890410958 0.07089041095890408 0.07671232876712324
3 0.1710616438356164 0.8246575342465752 0.07089041095890408 0.07671232876712324
3 0.06934931506849314 0.9424657534246574 0.07089041095890408 0.07671232876712324
3 0.08167808219178081 0.8520547945205479 0.07089041095890408 0.07671232876712324
3 0.16181506849315067 0.7917808219178082 0.07089041095890408 0.07671232876712324
3 0.7674657534246575 0.6821917808219178 0.07089041095890408 0.07671232876712324
3 0.9645547945205479 0.6684931506849315 0.07089041095890408 0.07671232876712324
3 0.22962328767123286 0.7698630136986302 0.07089041095890408 0.07671232876712324
3 0.1417808219178082 0.7479452054794521 0.07089041095890408 0.07671232876712324
3 0.5486301369863014 0.8273972602739726 0.07089041095890408 0.07671232876712324
0 0.19109589041095887 0.7415525044480415 0.03082191780821918 0.06940637875909672
0 0.01541095890410959 0.8922374359548908 0.03082191780821918 0.06940637875909672
1 0.7728595890410959 0.826027397260274 0.047773972602739787 0.057534246575342535
1 0.9408390410958902 0.7767123287671234 0.047773972602739787 0.057534246575342535
1 0.39683219178082196 0.689041095890411 0.047773972602739787 0.057534246575342535
1 0.5524828767123288 0.7547945205479452 0.047773972602739787 0.057534246575342535
