3 0.4717324270592273 0.5023153891922735 0.02496030423972677 0.04176364630960812
3 0.5311966812773999 0.6752429871929945 0.042579342526592685 0.05089944393983501
3 0.6244307588787321 0.693514582453448 0.042579342526592685 0.05089944393983501
3 0.6747823280268999 0.6668663623225473 0.0581527358467222 0.05089944393983496
3 0.7867909645985992 0.6988117845176844 0.042579342526592685 0.05089944393983501
3 0.8365060278897807 0.7414056807778664 0.07013226916989918 0.05089944393983499
3 0.4944903515130958 0.6413100245664378 0.042579342526592685 0.05089944393983501
3 0.8736425811916271 0.7243681222737933 0.07013226916989918 0.05089944393983499
3 0.9251545744812856 0.6753851415745834 0.07013226916989918 0.05089944393983499
3 0.9649338654150504 0.6796445312006015 0.07013226916989918 0.05089944393983499
3 0.9649338654150504 0.7243681222737934 0.07013226916989918 0.05089944393983499
3 0.9649338654150504 0.7669620185339759 0.07013226916989918 0.05089944393983499
3 0.3234896220409689 0.752342927138058 0.07013226916989918 0.05089944393983499
3 0.21253071793137987 0.8071374476860033 0.07013226916989918 0.05089944393983499
3 0.841297841219051 0.7797401874120308 0.07013226916989918 0.05089944393983499
3 0.23872934806836618 0.7550826531654554 0.07013226916989918 0.05089944393983499
3 0.16938003299987303 0.7824799134394279 0.07013226916989918 0.05089944393983499
3 0.11235948505466756 0.8016579956312079 0.045474734923323774 0.0508994439398349
3 0.3173252384793251 0.7030278586449075 0.07013226916989918 0.05089944393983499
3 0.07537318368480454 0.8564525161791527 0.07321446095072102 0.07281725215901204
3 0.15705126587658536 0.7441237490558654 0.045474734923323774 0.0508994439398349
0 0.02080479452054794 0.8698630136986302 0.04160958904109588 0.06301369863013705
0 0.19340753424657536 0.7383561643835617 0.04160958904109588 0.06301369863013705
0 0.5139554794520548 0.5575342465753425 0.04160958904109588 0.06301369863013705
0 0.5524828767123288 0.5904109589041097 0.04160958904109588 0.06301369863013705
0 0.14101027397260274 0.8369863013698631 0.04160958904109588 0.06301369863013705
3 0.5440068493150685 0.7315068493150685 0.046232876712328806 0.06575342465753423
3 0.5393835616438356 0.8397260273972603 0.046232876712328806 0.08493150684931507
1 0.695193695395196 0.7235736660011307 0.030086423902872642 0.04229202739835344
1 0.392230403536036 0.5954537006472955 0.030086423902872642 0.04229202739835344
1 0.48353920165987047 0.5544055564077158 0.02378926541157326 0.0422920273983534
1 0.707088328100983 0.7459635628590826 0.030086423902872642 0.04229202739835344
1 0.330308345038263 0.5954537006472941 0.02378926541157326 0.0422920273983534
1 0.3408036091904279 0.5668443879954669 0.02378926541157326 0.0422920273983534
1 0.3485001362353489 0.5245523605971135 0.02378926541157326 0.0422920273983534
1 0.3261102393773971 0.544454491137515 0.02378926541157326 0.0422920273983534
1 0.5086805308639812 0.7817708328151735 0.02378926541157326 0.0422920273983534
1 0.5827606106770667 0.7892254320416474 0.02378926541157326 0.0422920273983534
1 0.46814614757002865 0.5544055564077158 0.02378926541157326 0.0422920273983534
