3 0.527054794520548 0.7575342465753425 0.07089041095890401 0.04657534246575338
3 0.6133561643835617 0.7520547945205479 0.07089041095890401 0.04657534246575338
3 0.29589041095890417 0.7630136986301369 0.07089041095890401 0.04657534246575338
3 0.3159246575342466 0.7164383561643837 0.07089041095890401 0.04657534246575338
3 0.7258561643835616 0.732876712328767 0.07089041095890401 0.04657534246575338
3 0.6780821917808219 0.7849315068493149 0.07089041095890401 0.04657534246575338
3 0.8044520547945205 0.7493150684931507 0.07089041095890401 0.04657534246575338
3 0.8660958904109589 0.6808219178082191 0.07089041095890401 0.04657534246575338
3 0.964554794520548 0.6808219178082191 0.07089041095890401 0.04657534246575338
3 0.964554794520548 0.7164383561643837 0.07089041095890401 0.04657534246575338
3 0.17722602739726032 0.8287671232876712 0.07089041095890401 0.04657534246575338
3 0.17106164383561648 0.7904109589041096 0.07089041095890401 0.04657534246575338
3 0.05470890410958907 0.8643835616438347 0.041609589041095754 0.0465753424657533
3 0.45924657534246577 0.7958904109589042 0.07089041095890401 0.04657534246575338
3 0.11018835616438359 0.8068493150684921 0.041609589041095754 0.0465753424657533
3 0.15333904109589042 0.7547945205479443 0.041609589041095754 0.0465753424657533
3 0.16875000000000004 0.9054794520547935 0.041609589041095754 0.0465753424657533
3 0.49083904109589044 0.847945205479451 0.041609589041095754 0.0465753424657533
3 0.23501712328767127 0.7493150684931495 0.041609589041095754 0.0465753424657533
0 0.1047945205479452 0.8561643835616439 0.049315068493150704 0.06301369863013705
0 0.856849315068493 0.7219178082191781 0.049315068493150704 0.06301369863013705
0 0.1910958904109589 0.743835616438356 0.049315068493150704 0.06301369863013705
0 0.024657534246575352 0.8780821917808219 0.049315068493150704 0.06301369863013705
0 0.37294520547945204 0.8424657534246575 0.049315068493150704 0.06301369863013705
1 0.9799657534246574 0.7863013698630137 0.040068493150684927 0.03835616438356169
1 0.5501712328767123 0.5506849315068494 0.040068493150684927 0.03835616438356169
1 0.8398972602739727 0.7890410958904109 0.040068493150684927 0.03835616438356169
2 0.033904109589041095 0.7840182578726992 0.06780821917808219 0.07031964863816341
2 0.033904109589041095 0.9648401756809183 0.06780821917808219 0.07031964863816341
