3 0.612705603237369 0.680295986390197 0.0439215486191675 0.04684965186044512
3 0.4554115572449794 0.63637443777103 0.05545095513169727 0.05075378951548089
3 0.6192938355302442 0.6480868507361418 0.0439215486191675 0.04684965186044512
3 0.6500389195636613 0.7086009843892184 0.06149016806683218 0.0468496518604453
3 0.7049408553376181 0.6890802961140301 0.0439215486191675 0.04684965186044512
3 0.5608232739309809 0.7105530532167367 0.037882335684028906 0.04684965186044766
3 0.5534115126014947 0.6656554701838082 0.0439215486191675 0.04684965186044512
3 0.5366664221904387 0.7681390836285309 0.056548993847175585 0.04684965186044756
3 0.318283788414478 0.711882428189138 0.0573140075176131 0.04619084457715772
3 0.28771631773841766 0.7458462844958718 0.0573140075176131 0.04619084457715772
3 0.21817532195038045 0.8069812258479914 0.08635310465987041 0.06249349560438845
3 0.23040231022080462 0.7499219472526795 0.0573140075176131 0.04619084457715772
3 0.0737440230059955 0.8558891789296886 0.07259774285564327 0.05705927859531326
3 0.16621062180107793 0.7866029120639518 0.0573140075176131 0.04619084457715772
3 0.110424987817268 0.8035848402173181 0.04661539278099212 0.0502665073339639
3 0.34579451202293227 0.7336192962254475 0.0573140075176131 0.04619084457715772
3 0.15169107322994935 0.7485633930004097 0.0435586457133861 0.038039519063540694
0 0.18837203804122157 0.73701568185612 0.032860030976764654 0.05298361583850333
0 0.1398461783429759 0.8402658050285914 0.039737711878878396 0.07472048387481423
2 0.8316364885281409 0.7562165276591393 0.21237810405045132 0.12694807121340443
3 0.9630646775564461 0.7764625562578263 0.046784741761834996 0.05581337613692611
3 0.9735296855821196 0.6907361260748202 0.05294062883576075 0.05289502410594622
