3 0.43520937470819687 0.5144991414622111 0.018966322944481674 0.029503169024749382
3 0.45722385669732746 0.5157033524428131 0.018966322944481674 0.029503169024749382
3 0.4731420205971603 0.4970380822434819 0.018966322944481674 0.029503169024749382
3 0.5097199291329465 0.5795265344147199 0.018966322944481674 0.029503169024749382
3 0.5127680881775954 0.5458086269578634 0.018966322944481674 0.029503169024749382
3 0.44198306147408334 0.4747601791023445 0.018966322944481674 0.029503169024749382
3 0.5791502184832791 0.6806802567852873 0.05283475677391805 0.05358738863679337
3 0.452482275961207 0.5470128379384654 0.018966322944481674 0.029503169024749382
3 0.7673183357635591 0.7307392860303454 0.06769272405167512 0.05358738863679342
3 0.5083651917797669 0.6722507799210732 0.05283475677391805 0.05358738863679337
3 0.746092668223904 0.6967782179668975 0.06769272405167512 0.05358738863679342
3 0.782706944729809 0.6873445879492731 0.06769272405167512 0.05358738863679342
3 0.6818850239164476 0.7137587519986215 0.06769272405167512 0.05358738863679342
2 0.9042090106621399 0.7737191902331021 0.19158197867572008 0.14250387017759175
5 0.5151832991954188 0.8293974090937895 0.04298820147816279 0.08700518042759782
3 0.5786735659939359 0.7371013730996484 0.052247198719613336 0.06231452111706332
3 0.3217501541404028 0.7125018829611388 0.061506195961063666 0.05408430134688502
3 0.2880209499036905 0.7477742534047593 0.061506195961063666 0.05408430134688502
3 0.22519204005099114 0.7536529818120294 0.052247198719613246 0.05408430134688499
3 0.21097286571590643 0.8124402658847312 0.08862183073959723 0.06819324952433425
3 0.07638672724196617 0.8541792375763486 0.0747333348774214 0.06466601247997104
3 0.1676539857648348 0.7865738608927422 0.061506195961063666 0.05408430134688502
3 0.11408407315358579 0.7995070633887366 0.061506195961063666 0.05408430134688502
3 0.3468817180814826 0.7348410509087651 0.061506195961063666 0.05408430134688502
0 0.19311622817882348 0.7342531780680384 0.04100413064070912 0.06936899520578749
0 0.1395463155675745 0.8377187980359924 0.04100413064070912 0.06936899520578749
3 0.15277345448393229 0.7477742534047594 0.046294986207252184 0.03997535316943697
3 0.6532096968947552 0.6631210950679364 0.04884291318772277 0.04661499083179166
3 0.6434411142572105 0.6877996196259436 0.04884291318772277 0.04661499083179166
3 0.520562627395466 0.7782875430053037 0.05089945690089003 0.05758322396868366
