3 0.4697632824553382 0.5249979700073819 0.02527437980987294 0.03954036308033437
3 0.5051474141891602 0.5384776392393141 0.02527437980987294 0.03594578461848592
3 0.44356536566326893 0.6299498754389647 0.047010346446363586 0.04133765231125878
3 0.4781912660027948 0.5989466362055207 0.019208528655503442 0.03684442923394798
3 0.5120589349480245 0.5778284877421602 0.027296330194662773 0.026959338463864384
3 0.5363223395655023 0.6164702062070326 0.04549388365777127 0.03774307384941011
3 0.5873765867814456 0.7607026669887073 0.038417057311006746 0.062006478466888094
5 0.5183775299004927 0.8218105008401331 0.07430667664102636 0.1087359984709198
5 0.510542472159432 0.7027400892913986 0.04144998288819153 0.06110783385142611
2 0.8172795269090624 0.73465725458174 0.17114863408391867 0.08610873824715341
2 0.6206448519882515 0.6825358668849355 0.17114863408391867 0.08610873824715341
3 0.9313699290441616 0.7812577257661352 0.05265389050382353 0.06000443362259091
1 0.9765982708871896 0.7516555385123235 0.031502327651860326 0.05360396070284807
3 0.9286697295311451 0.7076522871890901 0.0634546885558899 0.032802423713683165
3 0.9747981378785119 0.6892509275448289 0.048603591234298735 0.05360396070284821
3 0.9144936820878078 0.6716496270155354 0.05400399026033185 0.044003251323233454
3 0.7337977761692827 0.668517641769435 0.055198704366283664 0.04170568774341433
3 0.3444647446822858 0.7359008152420805 0.05459100734323062 0.03930151492845994
3 0.3169436583356985 0.7090314121787454 0.053688676643342495 0.04010358666169367
3 0.2844597531397265 0.7363018511086975 0.054591007343230656 0.05293673439343578
3 0.21272446249862179 0.8100924505662138 0.08617258183931444 0.043311873594629305
3 0.22783850172174763 0.7507391423069069 0.055944503393062776 0.043311873594629305
3 0.15181714025617443 0.7459267119075039 0.04647003104423767 0.022458008530548596
3 0.11008434538634933 0.801670697367258 0.04962818849384602 0.0360932279955243
3 0.07602136146557323 0.8522012165609922 0.07985626694009769 0.044113945327863176
3 0.16715676215427228 0.7816189040364111 0.07173529064110463 0.024864223730250073
0 0.14008684115762898 0.8377639253627825 0.03925138544513274 0.06817609732487938
0 0.189940612326447 0.738307030441782 0.03067924379619569 0.040905658394927685
