3 0.8622431506849314 0.7041095890410958 0.04469178082191782 0.0547945205479452
3 0.1610445205479452 0.6520547945205479 0.04469178082191782 0.0547945205479452
5 0.8090753424657535 0.6945205479452053 0.05856164383561648 0.07397260273972606
3 0.7289383561643834 0.7178082191780821 0.07397260273972593 0.0547945205479452
3 0.1502568493150685 0.747945205479452 0.04469178082191782 0.0547945205479452
3 0.22191780821917817 0.8027397260273968 0.0616438356164383 0.054794520547945195
3 0.5355308219178082 0.6 0.04469178082191782 0.05479452054794521
3 0.5355308219178082 0.6 0.04469178082191782 0.05479452054794521
3 0.23116438356164384 0.7561643835616434 0.0616438356164383 0.054794520547945195
3 0.29743150684931513 0.7643835616438353 0.0616438356164383 0.054794520547945195
3 0.11558219178082199 0.7999999999999994 0.0616438356164383 0.054794520547945195
3 0.061643835616438436 0.8630136986301367 0.0616438356164383 0.054794520547945195
3 0.3113013698630138 0.8191780821917799 0.08321917808219165 0.07123287671232759
3 0.16181506849315078 0.7972602739726024 0.0616438356164383 0.054794520547945195
3 0.8059931506849316 0.7534246575342458 0.08321917808219165 0.07123287671232759
3 0.896917808219178 0.7616438356164374 0.08321917808219165 0.07123287671232759
3 0.958390410958904 0.7616438356164374 0.08321917808219165 0.07123287671232759
3 0.9385273972602739 0.7369863013698621 0.08321917808219165 0.07123287671232759
3 0.6626712328767124 0.6986301369863006 0.08321917808219165 0.07123287671232759
3 0.9768835616438354 0.6986301369863003 0.046232876712328445 0.07123287671232754
3 0.9169520547945206 0.6767123287671224 0.08321917808219165 0.07123287671232759
3 0.1618150684931508 0.8904109589041087 0.08321917808219165 0.07123287671232759
1 0.5786815068493151 0.6643835616438355 0.038527397260273946 0.0630136986301369
1 0.5910102739726028 0.6342465753424658 0.038527397260273946 0.0630136986301369
1 0.5293664383561644 0.6753424657534245 0.038527397260273946 0.0630136986301369
1 0.5000856164383561 0.5821917808219177 0.038527397260273946 0.0630136986301369
1 0.49238013698630134 0.6342465753424658 0.038527397260273946 0.0630136986301369
1 0.4708047945205479 0.6616438356164384 0.038527397260273946 0.0630136986301369
1 0.4014554794520548 0.8095890410958905 0.038527397260273946 0.0630136986301369
1 0.5786815068493151 0.7246575342465752 0.038527397260273946 0.0630136986301369
0 0.7081335616438357 0.6698630136986301 0.041609589041095844 0.057534246575342396
0 0.18724315068493158 0.743835616438356 0.041609589041095844 0.057534246575342396
0 0.23809931506849322 0.6123287671232877 0.041609589041095844 0.057534246575342396
0 0.020804794520547922 0.8616438356164383 0.041609589041095844 0.057534246575342396
0 0.031592465753424635 0.9643835616438352 0.06318493150684927 0.07123287671232757
0 0.6449486301369863 0.6534246575342465 0.041609589041095844 0.057534246575342396
3 0.13946917808219178 0.6438356164383562 0.04469178082191782 0.0547945205479452
3 0.08090753424657535 0.7013698630136986 0.04469178082191782 0.0547945205479452
3 0.31823630136986303 0.7123287671232876 0.04469178082191782 0.0547945205479452
0 0.1148116438356165 0.8506849315068493 0.041609589041095844 0.057534246575342396
4 0.7389554794520548 0.43561643835616437 0.03544520547945204 0.060273972602739645
4 0.37063356164383565 0.6465753424657534 0.03544520547945204 0.060273972602739645
