2 0.04623287671232878 0.7671232876712311 0.09246575342465756 0.09315068493150652
2 0.42380136986301364 0.8136986301369862 0.21267123287671233 0.0931506849315069
3 0.8183219178082192 0.8 0.08013698630136985 0.07123287671232874
3 0.9277397260273973 0.7315068493150685 0.08013698630136985 0.07123287671232874
3 0.959931506849315 0.6684931506849314 0.08013698630136985 0.07123287671232874
3 0.9169520547945206 0.6876712328767123 0.08013698630136985 0.07123287671232874
3 0.30976027397260275 0.7698630136986302 0.08013698630136985 0.07123287671232874
3 0.3297945205479452 0.7178082191780821 0.08013698630136985 0.07123287671232874
3 0.3282534246575342 0.5506849315068493 0.08013698630136985 0.07123287671232874
3 0.17414383561643834 0.8410958904109589 0.08013698630136985 0.07123287671232874
3 0.17414383561643834 0.8 0.08013698630136985 0.07123287671232874
3 0.12174657534246575 0.7863013698630137 0.08013698630136985 0.07123287671232874
3 0.6672945205479452 0.7671232876712328 0.08013698630136985 0.07123287671232874
3 0.14717465753424633 0.7452054794520548 0.04777397260273996 0.05479452054794518
3 0.5748287671232877 0.7506849315068493 0.08013698630136985 0.07123287671232874
3 0.22422945205479425 0.7671232876712328 0.04777397260273996 0.05479452054794518
3 0.0547089041095888 0.8657534246575342 0.04777397260273996 0.05479452054794518
0 0.7844178082191781 0.7205479452054795 0.03390410958904113 0.0547945205479452
0 0.1047945205479452 0.8520547945205479 0.03390410958904113 0.0547945205479452
0 0.18801369863013698 0.736986301369863 0.03390410958904113 0.0547945205479452
0 0.016952054794520565 0.8712328767123289 0.03390410958904113 0.0547945205479452
0 0.7705479452054794 0.7616438356164383 0.03390410958904113 0.0547945205479452
1 0.859931506849315 0.7575342465753425 0.05239726027397253 0.05205479452054803
1 0.48544520547945197 0.6123287671232878 0.05239726027397253 0.05205479452054803
1 0.9200342465753425 0.7849315068493152 0.05239726027397253 0.05205479452054803
