2 0.5270930454875749 0.8440985162225908 0.08264818953245168 0.13193724587493436
2 0.8346963451677998 0.7315755991817798 0.1723280059722258 0.09753840186365287
2 0.6238556408911742 0.6781945333587335 0.1723280059722258 0.09753840186365287
3 0.42274990132028334 0.5774548168658411 0.030912070930757877 0.03374417099653883
3 0.4710161173349755 0.5331053349846759 0.022234998388790714 0.03952888602451687
3 0.5065378830536532 0.5470850629689563 0.026031217625901278 0.0308518134825497
3 0.4786085558091966 0.6097528091053854 0.027658168727520263 0.040493005195846477
0 0.5317556251287452 0.5547980163395937 0.01898109618555317 0.03856476685318725
0 0.5108764193246368 0.6063783920057315 0.026031217625901347 0.0472418393951542
3 0.5877259323808609 0.7642735780220116 0.03705832075069125 0.05670809138783696
3 0.3471285741203993 0.7330354754398343 0.05816749079855341 0.03335770081637477
3 0.3161684580502015 0.7088511423479628 0.05066200811486901 0.023350390571462043
3 0.2253990268443944 0.7513822108888405 0.054883842124441494 0.030021930734736912
3 0.2150789881543285 0.8039205896746308 0.08584395819463929 0.03335770081637463
3 0.07458573416911284 0.854791083419602 0.07786938284322471 0.046700781142924655
3 0.11094041591820869 0.8055884747154494 0.05676021279536256 0.04503289610210587
3 0.16840426771516667 0.780987170363373 0.07224027083046149 0.014177022846959346
3 0.15128238534301186 0.7476294695469983 0.04456380343437558 0.03252375829596531
0 0.18810615975983802 0.7413749006439281 0.031898301405658316 0.046700781142924794
0 0.1400241613174854 0.8364443479705959 0.03987287675707288 0.07005117171438684
3 0.9477391673967682 0.7908499133344654 0.06083460871803581 0.06190188255519459
3 0.9739540810219742 0.6876801090758081 0.0508289164946747 0.05905581898943837
3 0.4560594515408012 0.6382297546207966 0.04922800573893681 0.04411398526921886
