3 0.4731276579802949 0.5951987118926547 0.05393835616438359 0.060273972602739645
3 0.5331145953452109 0.5148786494856225 0.05393835616438359 0.060273972602739645
3 0.552097803372083 0.674843815792065 0.05393835616438359 0.060273972602739645
3 0.5259009762949995 0.6323214298118713 0.05393835616438359 0.060273972602739645
3 0.5401383823151531 0.5972235874155205 0.036094140619123444 0.050824553496029
3 0.4638258860471272 0.519940838292789 0.03381615565589833 0.03935025886645498
3 0.4738869863013699 0.6410958904109588 0.05393835616438359 0.060273972602739645
3 0.4387680514516559 0.39237368035220827 0.03381615565589833 0.03935025886645498
3 0.4630665577260524 0.5442393445671854 0.03381615565589833 0.03935025886645498
0 0.4332873937996487 0.44395728871089785 0.02333479543804522 0.03749522685771368
0 0.4691870790889492 0.4790592032159915 0.02333479543804522 0.03749522685771368
5 0.4399063982748636 0.4836463852251798 0.02490540666945208 0.040287424602436915
3 0.583563449735526 0.7741613860433938 0.06279532483239429 0.09495487177720932
3 0.5929466591932403 0.7215512543830482 0.06279532483239429 0.09495487177720932
3 0.7030189239856551 0.7215512543830482 0.047637832631471096 0.06672504503263343
3 0.4926184965299896 0.8832311711928912 0.06279532483239429 0.09495487177720932
3 0.6646829477389967 0.6837538377764019 0.047637832631471096 0.06672504503263343
3 0.7478604691769856 0.7160791587693567 0.047637832631471096 0.06672504503263343
3 0.9182776700766802 0.7793542551810981 0.0766532470865833 0.05709622601345548
3 0.622900750923635 0.6638084269509615 0.047637832631471096 0.06672504503263343
3 0.8764954732613183 0.7236446594272823 0.0766532470865833 0.05709622601345548
3 0.9273691666059495 0.7140158404081043 0.06001774279898619 0.05709622601345548
3 0.9761810836842651 0.686504928924738 0.0476378326314695 0.05709622601345538
3 0.8246545994348509 0.7442778430398067 0.0766532470865833 0.05709622601345548
3 0.9844988358280634 0.7855442102648549 0.031002328343873117 0.05709622601345539
3 0.914668405039427 0.6644961997380454 0.0476378326314695 0.05709622601345538
3 0.9761810836842651 0.7552822076331525 0.0476378326314695 0.05709622601345538
3 0.812044732550412 0.6912116510195662 0.051840873826467376 0.04401745837338524
0 0.7325424969434039 0.6826144911810144 0.03984783585168785 0.0405785944379646
3 0.7073958044156399 0.6650762851103686 0.052227746019202076 0.04676854952172178
3 0.3226799680154372 0.7114955171556732 0.059770837300648874 0.059032925729035145
3 0.28599673614214133 0.7461665886308557 0.059770837300648874 0.059032925729035145
3 0.22841799244228447 0.7478175920344359 0.059770837300648874 0.059032925729035145
3 0.21471982357820615 0.8072537145633218 0.08159503854172295 0.06563693934335868
3 0.16851752520614313 0.7824886635096183 0.059770837300648874 0.059032925729035145
3 0.10954574738451592 0.8051899603088447 0.04398311725391455 0.03674437978070302
3 0.3477545822073103 0.7296565545950544 0.059770837300648874 0.059032925729035145
3 0.07588075610838996 0.8567838166707236 0.07509421264012746 0.05573091892187443
3 0.15272980515940854 0.7474048411835403 0.04398311725391455 0.03674437978070302
0 0.1873215415867232 0.7319209062342314 0.043313920223866854 0.07779636530472303
0 0.1395422687624577 0.8319448044831613 0.043313920223866854 0.07779636530472303
1 0.5188355807898679 0.5672057803120039 0.021196857705431924 0.04945933464600799
1 0.4927811098602743 0.5334478217440937 0.021196857705431924 0.04945933464600799
1 0.3258558554299975 0.5703460555276234 0.021196857705431924 0.04945933464600799
1 0.5011715327020078 0.6857511697016421 0.021196857705431924 0.04945933464600799
