3 0.580222602739726 0.7904109589041096 0.09092465753424656 0.06849315068493154
3 0.9223458904109588 0.6808219178082191 0.09092465753424656 0.06849315068493154
3 0.9545376712328766 0.752054794520548 0.09092465753424656 0.06849315068493154
3 0.04700342465753424 0.8726027397260274 0.09092465753424656 0.06849315068493154
3 0.17029109589041092 0.8287671232876712 0.09092465753424656 0.06849315068493154
3 0.30744863013698626 0.7712328767123288 0.09092465753424656 0.06849315068493154
3 0.17337328767123295 0.7698630136986304 0.0662671232876712 0.043835616438356345
3 0.4846746575342466 0.7931506849315069 0.09092465753424656 0.06849315068493154
3 0.8023416945383061 0.46351235480304465 0.027406443579200652 0.027244760593484237
3 0.7297551219081078 0.43971722933877183 0.027406443579200652 0.027244760593484237
3 0.706589194472938 0.4506995949376668 0.027406443579200652 0.027244760593484237
3 0.7724833880663097 0.4355988422391859 0.027406443579200652 0.027244760593484237
3 0.841981170371819 0.45298758777077 0.027406443579200652 0.027244760593484237
3 0.825250222779752 0.47174912900221627 0.027406443579200652 0.027244760593484237
3 0.8937184083103646 0.4415476236052541 0.027406443579200652 0.027244760593484237
3 0.919458327682775 0.4401748279053923 0.027406443579200652 0.027244760593484237
3 0.7699093961290686 0.45802117200359704 0.027406443579200652 0.027244760593484237
3 0.9415946583430483 0.4410900250386336 0.027406443579200652 0.027244760593484237
2 0.05856164383561643 0.76986301369863 0.11712328767123285 0.09863013698630123
2 0.7882705479452053 0.747945205479452 0.19263698630136986 0.09315068493150688
