3 0.5796521671409057 0.6672003852288533 0.04322829721050907 0.041918348810188674
3 0.6179681578502195 0.7003857447035874 0.06582490711600116 0.050651338145646034
3 0.5489502515084422 0.7457972892479596 0.03782476005919477 0.05239793601273732
3 0.540353715131353 0.6881595596339483 0.033403684208120545 0.04715814241146314
3 0.583336397016801 0.8060549156626073 0.03782476005919477 0.05239793601273732
2 0.7542846632583562 0.7358998991135286 0.19894841329836171 0.13739902776934954
3 0.5103886454740685 0.5955898726781131 0.024561532505970686 0.041918348810189875
3 0.5226694117270536 0.6436213140231222 0.04322829721050809 0.04191834881018991
3 0.9250037788495792 0.726079416980918 0.060018070499330174 0.036934197230357374
3 0.5226694117270536 0.6436213140231222 0.04322829721050809 0.04191834881018991
3 0.9118129941244518 0.7703418279474576 0.0765065514057406 0.06331576668061288
3 0.21347826692633198 0.8103608912304239 0.08451668304087498 0.06481453688537478
3 0.3466749022088881 0.7289744557095816 0.06007313255356351 0.046401316179304215
3 0.22197136497700798 0.750702056142748 0.046815613645190796 0.03535338375566055
3 0.14880315957114387 0.7470061916922904 0.047519671456399966 0.04786996706604202
3 0.31601688973327635 0.7094564417611443 0.046815613645190796 0.03535338375566055
3 0.07452506048859651 0.8565262956581311 0.08061038858322181 0.07165147535576777
3 0.16288431579532348 0.7770459916372069 0.047519671456399966 0.04786996706604202
3 0.11148809557706801 0.8008274999269323 0.047519671456399966 0.04786996706604202
0 0.19115169574323787 0.7403559028090865 0.028866370259568144 0.04631135824841268
0 0.1415156200530048 0.8404885692921414 0.04083535305012079 0.07134452486917653
